1020
3485
1337
1844
3557
9218
444
3673
9882
8348
4731
7313
8507
1315
9689
9307
5154
3628
6050
430
2227
8930
6543
5855
247
1457
5623
9097
5111
6580
5380
4655
40
7052
813
3060
5034
1738
4915
2218
584
1090
943
1265
9460
1476
4831
4943
8134
2673
6129
3707
1310
3052
9263
8964
4804
9963
6034
5180
8535
6393
393
3363
517
7584
7845
96
9648
3120
9779
8435
3778
765
9818
7839
1094
9916
3928
3707
649
6237
216
262
4081
2461
3747
3374
2131
4039
1080
6600
8156
3356
4564
9990
9221
6338
4142
3648
6704
6148
3989
4078
5264
6151
5315
9932
1122
6554
997
3559
32
3418
7593
3380
9819
3909
4026
4206
5373
3891
9111
7009
8733
5228
2255
3553
1554
9485
5122
1483
6229
5353
1372
1550
9228
9536
1217
8509
7744
6404
1459
848
5395
7960
6971
6681
1039
5939
7007
8251
9815
5927
1586
5269
8409
434
1596
9539
6926
9193
5297
9358
3864
6706
852
2297
5072
9613
4422
864
8237
1055
8885
7993
3418
802
9808
997
7727
478
2525
8386
9828
5627
5950
8328
9240
1805
9492
3795
5656
4390
6803
9124
3061
606
6026
1301
9245
602
6484
8929
7991
5806
9072
1480
9832
676
2211
7344
320
4001
5710
9200
7084
4241
4694
9027
555
7637
3685
5301
9226
9404
1577
3339
7784
3041
67
3120
5706
9293
3515
7309
7079
2527
6949
7602
6970
6198
1708
9143
7186
7181
1766
6046
5448
5887
194
8698
3858
2154
2152
804
1645
7027
8730
8532
3408
8633
7046
3150
5074
1826
3048
5720
4977
426
1210
9885
5972
8051
2391
9326
3227
2934
5547
8234
464
5617
7101
4643
5608
6610
2725
7273
8161
7649
4660
6068
5991
1074
371
5551
5502
5604
7802
3980
4817
8092
5821
9224
2992
942
8067
4107
5319
1446
4534
172
6694
6100
5535
4559
9663
4202
4077
3815
2182
6484
5405
1654
790
7589
1389
337
3260
1818
4703
4430
8482
9234
7167
3337
1169
3430
407
8561
6813
4280
8533
3432
5682
2223
6762
2560
1147
9929
6548
4873
5162
2046
3506
3322
8279
6739
5194
7419
8428
7493
3912
2593
3192
4670
337
4070
7643
7868
1556
732
3968
1061
1417
3602
7693
1789
703
1890
4971
2010
8162
4866
779
3531
3289
2439
5308
4973
7718
9517
5363
7833
499
1102
3654
9366
1208
7521
9275
5311
8404
89
4281
6628
1146
6902
419
2877
7334
856
2139
9631
4269
1881
4755
3805
891
4793
3461
9822
3340
4045
8829
7943
2246
6884
2701
4520
976
5063
6494
6794
8347
951
4038
910
8511
9908
2653
8857
6887
524
4794
651
7489
27
5136
1721
29
8266
7781
8382
8024
2003
1267
4845
7896
4442
6826
5331
9933
3696
9660
8898
1592
8707
8364
28
4332
9676
1059
4532
446
2451
6188
513
978
3413
2441
7091
2208
1740
6574
1754
1764
6316
7762
1486
8014
8341
222
5816
8968
8538
6624
5785
4412
3115
7896
3661
3755
9328
8878
5630
4567
4959
9318
1026
8157
4181
9049
9010
5693
5250
2033
7999
3837
8820
1157
6257
3539
3163
5803
6133
4495
2689
5873
2639
6143
6103
4248
449
1345
6217
178
8726
2012
6254
5306
6238
9056
4987
7222
1633
8389
6401
6851
3184
4380
4259
6726
1354
2848
3873
6479
4149
9842
3839
2804
1278
4096
8825
8673
2130
2804
2096
2244
2557
6021
1238
1309
8027
5912
9863
954
5763
6524
6933
9872
6122
9755
2271
7975
5903
1855
605
5908
2778
2946
8577
583
3417
1587
2607
1500
1226
1235
8500
3280
2018
754
8918
9411
3938
8826
1667
7081
7810
2448
9909
4989
6148
9261
3097
3496
5553
5853
7534
7786
3746
3955
7937
9940
2544
5552
6104
6522
9105
4180
9292
2561
9310
9314
3916
627
7041
6981
9035
312
7528
1951
8007
1922
2160
9507
6191
5367
2519
1263
9425
8928
1228
1645
1231
2826
1331
5084
5836
8935
8657
1169
9013
2999
9911
1501
6765
4628
7148
4812
3064
1589
7198
3930
8272
7599
675
1718
5758
8519
7117
9338
7476
1690
4915
1567
5628
9580
3951
1137
8438
8660
5451
640
3207
6372
9581
6616
9223
5731
8269
2059
6402
9865
5832
5176
1857
1783
9315
2162
8734
8096
1242
9463
657
9775
2303
2762
1208
3270
6856
4339
2573
4390
2195
6064
7146
6887
6053
2532
9748
2817
6865
7135
4245
8384
361
1217
8428
5001
4107
1056
4532
9959
5306
3413
3622
3230
1219
8595
9581
9505
4806
3080
341
4695
1001
7567
2321
7209
4811
9836
6324
6734
146
7835
1370
2623
887
8862
9512
2446
9503
6822
8578
5559
3643
7355
7148
8242
2007
416
841
1158
8376
7576
8328
1609
3665
8240
7666
2869
8435
7633
5760
6875
6797
3451
2049
9237
9164
7523
1250
2717
9492
508
1161
9946
2970
7930
6514
8530
7142
6942
2726
3519
8735
3297
1210
7293
6379
4552
1921
4671
4851
3370
9484
3251
4274
4429
6418
9773
5371
2718
8883
8817
9731
6337
6627
9568
583
274
9843
8335
3704
5487
8747
3610
1103
2647
2309
4921
7694
1057
4437
9355
4850
8328
1079
2768
2595
6322
616
8289
8793
5015
584
3589
8336
6496
8311
8805
63
4765
4303
5407
6616
4140
8137
1755
8846
1452
3800
5724
8187
5116
6274
3887
524
5795
5027
9996
2774
7808
1221
6671
8916
5187
659
5230
6586
6340
3682
117
4004
3221
4268
3167
8059
9118
4530
5505
694
4301
9810
4898
981
7930
1434
9613
1656
1503
7783
3424
734
6114
8966
3885
6044
4071
4252
9763
6725
6144
469
7319
7026
5119
6813
4245
8719
6942
8056
6931
2186
6267
3241
6154
742
8811
5044
9045
5969
778
1385
2494
157
4399
6334
2990
2946
2837
3499
239
8689
2193
8597
8102
7791
9067
9359
8988
7599
8307
2502
5599
6199
351
8421
5656
2684
3751
7605
2964
283
5368
5362
3648
5581
8834
1828
9415
9021
7274
7962
6376
3642
5420
6265
3844
7390
2121
2737
6421
6777
5394
7470
1536
5594
7441
3427
6442
1471
6117
8190
8054
8200
6460
5562
1753