10200
76679
96727
41454
38229
48685
12469
80472
54323
81711
32427
80468
74704
7097
3765
99599
59348
29215
80143
51013
70084
31023
67965
48776
88069
97061
39059
78307
72978
26171
72046
72256
70252
77556
9862
98887
4094
76293
38904
77864
21276
87595
88686
6961
33826
40339
80990
14124
71619
48053
81437
37299
88004
66025
38513
41533
68574
53352
23108
97556
78051
24016
62761
60302
78036
26382
17242
4817
42889
93108
51168
86799
50416
73725
43635
37761
29867
52379
90563
18962
46821
92005
4364
35959
49697
82415
98420
84789
15202
62463
7147
1325
43476
18261
31637
87438
16188
10834
37920
55780
4726
41284
15231
92418
11139
76142
79721
45473
42420
29280
11720
52484
99078
96891
58435
27219
49236
34612
48713
55033
89830
97862
44632
81058
99089
92504
51758
83703
69913
86725
19583
81106
67474
34098
33041
6388
68516
19253
60099
17033
33553
95037
24059
47841
85026
12271
30306
21206
67469
80534
65337
89590
11967
39315
73467
10651
70887
82605
46286
32749
62406
5531
18767
9572
89485
71550
30093
73098
2337
8854
85920
4889
88019
35505
86323
40980
8274
4468
56902
86639
17993
52653
10172
47083
9335
92588
33425
63992
77110
52096
95718
4389
34968
39941
97122
13657
31404
24309
9111
85923
7595
11649
89074
88691
65755
43044
42519
39846
44922
968
44480
30214
44424
91733
92898
22978
51973
10420
99668
8103
14296
25211
1875
64717
79986
44113
91889
17077
32133
76283
1948
16761
96850
9318
40820
30409
67844
55232
7312
32674
90008
796
79473
1516
10705
98387
34278
40804
46929
25829
32207
45252
70550
95946
96039
26519
66676
58960
91631
2403
79118
43669
22051
19833
90588
45753
56919
65608
44692
56362
22782
21379
8996
63744
28208
61908
94199
77764
47632
39179
34791
5956
69480
23497
19334
15123
86313
45102
9660
83085
27372
82706
89361
93592
94178
42213
93700
91375
24117
40134
77772
92349
31571
88282
51875
34512
45884
95803
61841
12439
78911
97244
49718
84862
53755
31306
81756
51695
36472
56405
9350
7711
10801
31846
73804
46852
16722
49546
20815
28188
57382
21020
46652
68571
33590
99753
64339
69655
88398
19555
28447
68029
22202
87220
35640
3318
68360
1216
76709
97937
72817
99435
99636
59261
68721
81843
50272
14981
31984
63572
53059
57964
96665
33625
83355
93546
5815
84375
9977
2460
46160
64672
12040
98995
19962
84705
70027
68994
3428
99725
29893
94866
30372
68306
17345
49286
93569
20620
35336
88684
26975
55348
13630
9738
54741
9379
19182
79828
76200
11949
60432
92667
54931
81258
37698
36402
94852
1532
97217
67102
62014
95361
57372
31867
34413
34802
67402
22964
74598
80162
54989
34743
16018
19554
40262
98319
53252
30057
21150
90877
82768
61784
14507
14242
42413
98469
99403
85231
94196
26195
89526
28007
2505
10555
34503
85189
89190
79053
31697
64175
72283
78904
93691
11639
33068
94377
58428
74881
76324
10413
40007
49789
93068
92926
9553
73426
18089
65594
29341
62794
96483
11608
4266
98
30780
65245
96390
21426
95323
53455
33718
41128
11136
78426
36973
63685
66425
90052
66203
13791
856
21870
75113
61299
86476
60178
71089
46589
68966
36588
70560
4884
95080
64750
2347
2827
59732
79769
90358
70823
84749
60639
74002
57269
40869
43639
87704
14297
17855
95030
58550
60803
51315
90481
73563
65890
10374
15287
32950
23607
45091
22887
80266
76188
65238
29742
60534
33323
51722
22430
79124
52041
18188
98650
91647
70170
6379
89659
89190
62221
67164
9457
69903
53707
94686
86647
48297
6469
44797
74409
47004
55450
45914
49881
24726
79298
29659
77378
25252
99790
43014
59156
95231
82304
50780
79927
7864
83192
60121
17311
6828
12531
82670
33667
40460
18130
44858
33484
59079
61341
85974
37807
32371
18321
57565
22216
2554
11517
42259
67612
6632
77116
1274
13619
97157
50531
56878
4396
61281
7247
11159
53529
78273
15209
5583
2990
65351
8126
55859
92115
64690
1306
67505
8731
68650
95055
29721
60327
28843
73271
6045
97524
45714
86189
87253
74415
73912
61910
87284
68524
33945
64629
52077
725
22200
53690
18548
68905
82679
63836
24655
33395
52421
34046
91778
41007
80695
7800
81086
76690
44722
94884
24587
83447
31400
36298
97392
39549
10453
31618
41089
40573
17940
34461
82408
41050
3243
16789
29733
70971
5168
56398
40904
7527
93013
5194
25999
33388
72183
90066
44345
35102
23664
92348
34329
60431
5929
49251
71694
38098
67185
2655
18254
8564
44490
15734
36521
22396
55062
21098
77041
70699
53229
79191
15908
59374
98856
75269
86863
62692
44832
95884
66254
70335
76328
72540
88246
57389
91298
930
15298
64277
18077
19607
16363
79663
19193
15084
1099
12095
94999
95215
24537
14624
22936
2935
41285
96641
34204
54773
3219
42721
49689
31932
21511
33194
78723
87623
97841
54425
43402
67770
61637
32717
18344
95245
48845
44368
44335
1214
73291
91759
31842
36327
44185
30553
33645
90712
61252
37629
39911
63297
41441
54748
5287
50212
65092
83862
64983
88445
237
61895
66948
61412
88265
28898
75080
91745
50623
78611
56714
15238
86994
39703
81512
97722
78028
75380
53468
23729
47456
12062
47531
48435
69709
32619
88565
65907
56048
26269
18087
5672
43431
1253
12540
75134
93160
46039
30816
67249
75273
43411
24428
14632
99798
2090
21409
66188
83110
76181
84091
31273
95438
12986
59938
20616
26848
32421
47814
78928
64318
30288
94513
78350
20331
71024
43985
95875
89069
80344
66506
95180
31074
49127
28349
82860
72396
92508
58119
7405
6792
40933
56435
68135
58034
99654
91172
38875
72488
18611
61901
17485
35935
4741
94321
54890
18599
79419
43084
9580
47956
68237
48417
92438
59842
94112
58905
13701
94250
28918
20619
26779
18285
61860
57649
99337
40247
5573
30239
40263
47961
91463
75208
65937
87855
98755
22332
57772
50713
45797
1578
99511
69821
95054
79842
77548
20082
2293
54405
42235
18841
87178
43427
66319
80048
32062
80429
69361
46813
22602
90378
38287
15108
58547
53736
30048
73963
62315
76850
26559
65892
49185
95809
6663
13465
37562
14147
94937
12262
814
99951
63353
3198
16386
85627
76098
47470
30105
30688
10426
29243
5420
13307
53884
61557
62815
82727
71226
28523
13303
29034
59028
48715
58636
19556
93528
75084
87519
74668
51861
85051
42825
9131
81395
46733
95408
50082
22299
52073
84377
19316
18511
31909
87835
56244
93249
4894
18486
10834
19339
56314
57962
28457
47548
15326
26383
73181
61646
98065
87852
9631
5083
58769
29738
85096
76760
88336
7088
63340
88378
72989
79655
8400
8063
7666
82589
47447
28661
10604
3063
81886
30841
58396
11142
47157
8950
18169
72966
67697
41228
37260
83139
85974
22844
24873
46642
57130
92304
9498
23244
46926
57761
31583
76995
3360
89291
27188
55054
37186
50489
5759
98463
17303
74522
74815
58262
36839
39596
97160
45056
66415
68908
60387
60979
9527
42409
14719
2129
7321
38814
33669
8299
77853
71512
74518
65682
78127
43958
22045
80192
21302
92812
94576
18466
39661
3114
44077
8819
75213
44602
12841
85399
15817
80470
5867
56658
71452
62931
73694
19115
90443
66357
40784
19693
47058
59044
60719
53598
1825
65192
26304
79019
20922
14379
89000
84499
84869
4530
42621
16981
77608
36712
4517
27363
78296
68178
29237
38293
36642
16345
30901
71426
12793
57951
90720
63401
88288
72717
41347
29785
21923
4575
49047
58655
55570
27480
64818
55890
51925
56822
8447
46655
80370
89747
99238
7097
37374
52888
30029
19445
18276
36711
12779
9646
34887
60736
31280
21743
20833
38901
92222
37578
24252
93411
34096
4659
45746
23143
17045
44071
58890
35718
61873
16500
62352
37331
66051
14727
82255
30885
58893
68519
28961
25136
44112
55678
20209
23617
57853
52688
15348
63958
5006
35612
16657
24441
81785
42703
5919
27464
96053
72035
75415
99056
46588
7211
52586
50599
86967
23935
78419
67615
13884
19875
7293
92578
32332
71696
27114
81554
53317
7588
62258
91564
95907
79961
13509
37658
64175
10229
59432
69774
40390
86716
54441
58158
37793
60602
16640
4389
8142
73880
50241
27968
90027
62452
56211
97382
11704
33582
23492
26531
75274
52166
31301
1022
51371
5864
81731
39936
66437
42171
35482
80242
19690
84710
51138
3903
8164
23602
26788
82093
80240
56683
11826
60996
48125
81394
37944
18775
49864
3635
57891
35487
14134
52898
19993
47473
76124
75265
83100
3367
19584
99229
72183
36396
58919
67953
3849
60642
26127
61845
18853
80052
69761
37624
19438
22984
48448
62192
55186
99362
55748
46999
61285
94203
41764
12899
91581
54809
92491
8627
54111
46961
95727
84520
27796
21488
19539
83033
59234
34407
35616
71106
2672
24424
32887
71853
79863
70694
71090
83146
69288
62859
46104
11448
63974
45423
65103
89960
40479
53843
48612
39411
86650
51246
83397
11720
33951
40520
25217
94090
40526
22843
3344
86495
21564
51751
23732
26436
50277
80746
62584
47830
33504
19289
29521
20579
1072
35837
57937
87357
48
13267
28668
75322
88355
36227
54970
22219
38957
77413
78631
1210
59151
24530
86023
76257
29800
19577
12918
53236
14976
66148
8871
76909
9376
76377
83026
80442
43559
15367
18321
3287
45821
66193
66897
20545
33735
81760
26510
40567
42285
71380
89232
1866
47772
69557
3018
56622
6238
48390
55162
93028
35252
71294
78873
89204
72569
18201
61898
31367
48542
38268
83516
39634
99029
36015
48540
96116
59489
24146
57854
6485
45121
46953
87046
62391
58925
93845
76520
15355
56237
12683
27278
93187
80357
90984
81251
57235
97270
30259
38101
24353
13128
28948
52517
73964
77590
94828
23116
38437
1164
96331
10721
33421
57465
64008
44098
76645
29722
13071
63533
73698
54558
39753
48126
77814
57413
54755
27544
2952
78425
42125
37947
63954
88922
80001
55574
97114
46436
97847
15892
6499
84741
60284
31125
45621
23359
73913
13948
69809
487
91516
11423
35923
64053
36244
57884
70966
66633
76246
76968
95566
34440
94774
52643
87536
4903
84688
69093
12926
69211
28279
76789
26232
82791
86804
53800
29362
94851
8612
72951
47774
61165
64265
317
73456
550
98436
34084
95325
11151
63683
81317
53941
70620
2419
80369
15985
69489
63381
96365
1064
50940
93965
32314
99263
28140
72791
46386
52544
15661
3632
82288
18214
41994
96773
87898
85774
16665
13856
67010
67913
77889
48470
90116
36851
54603
62120
53319
49464
96712
38239
27011
54275
29716
93493
79472
66242
78815
42531
66113
72956
20939
5424
67405
94574
12165
50915
87799
50289
53442
2956
14676
85302
86446
4580
23020
37741
39972
24706
62412
47653
79920
33686
38815
44298
8754
77183
25154
71604
58081
64674
94944
83569
69641
69343
47530
83780
27591
4808
79076
47535
13087
88642
61114
81493
96258
2269
97976
66629
41536
13379
32014
36741
67576
22369
53710
8898
94802
31080
12618
49929
74424
54831
91984
82807
91724
13129
95938
96097
13170
4582
49225
2460
75090
67039
9110
54683
56297
21635
94342
16876
53475
49743
59687
39098
67184
21220
10263
26498
87571
77862
2661
69549
99956
30408
87396
32223
57374
99636
6957
63609
29018
53970
96515
60188
63493
30992
67472
83565
38550
79270
8726
78860
68830
20454
34939
85497
8762
84910
25843
40253
86496
53273
21739
416
15899
67068
15476
40546
48483
53634
89324
73280
49628
97243
66682
42863
82273
43359
9013
38518
24635
59091
16441
97485
66698
48968
864
19589
36717
34536
59402
9391
83675
86751
63650
50025
1757
76429
49356
47347
67286
99983
84343
95131
62751
95715
23870
1939
68366
82994
77412
732
89926
43618
19170
17106
26429
46559
81146
22742
44494
91788
25270
19247
69175
91708
14007
31869
6880
92132
40702
92816
79195
82515
2976
22879
73793
24468
21319
68754
57361
22102
31921
86697
80762
76279
60553
67183
87082
63364
56462
99994
45266
95383
22508
131
75952
88541
89129
13596
68392
3154
35144
15092
80063
71137
91206
43243
32284
65176
6331
3559
92014
24351
34110
56598
48149
72741
36598
2847
92330
70138
21742
38819
17449
40800
71427
38091
17771
53654
50076
11677
54652
35747
22209
94865
54369
20899
80778
56150
31066
96370
89450
35159
75804
60407
21681
46299
43235
57837
11865
70988
67241
75769
72355
97879
71204
70473
65316
50256
58781
54891
41429
39669
97674
60058
91386
11000
66349
53522
26771
65282
69278
95030
59796
19000
95627
40703
59666
76791
6084
29980
4370
43366
67958
34894
20387
29188
72819
62949
67144
72036
92478
78333
96501
67990
57155
77525
85061
70382
14550
54492
84571
1006
18986
42442
48812
78953
22645
77414
49153
25069
77608
72104
24882
54365
87366
90068
43887
87846
62351
9031
57940
52948
13996
56643
75043
36765
55004
11040
18705
17600
26766
78761
63853
72057
15736
90330
97016
82285
90064
85822
23488
11665
34839
91453
81416
54019
74704
19874
82423
8462
65205
86356
17531
22574
80933
27016
99845
87579
43609
30685
32499
97817
34351
98926
25149
96481
21718
75144
56620
90937
41081
35889
83165
34911
17742
55015
65892
9252
99668
27517
43093
22017
31613
2558
1305
36250
33826
43558
53428
71737
21587
3289
50492
24877
96828
84750
23910
4243
29100
98107
28922
35416
43561
98023
15897
50654
11005
87482
33933
61989
12929
77539
3787
42249
87735
83827
39768
31071
60258
42800
45867
56882
96197
9865
11257
73289
93144
77515
15710
46704
28196
42702
92040
75013
83700
83020
39516
77639
42782
42769
91598
50515
68836
47554
88734
62452
51435
86801
25672
46962
13607
5035
97944
51089
362
984
49779
5332
36507
79211
15389
9326
45641
16079
65572
84283
7914
79879
90585
91224
1579
85676
6362
64650
47073
1196
9293
2666
31112
21003
54356
52062
31847
24257
46146
92942
12377
3448
26678
94460
78217
84837
54883
58491
37591
95941
51203
64806
78403
70456
61159
23061
11824
15680
34272
41522
46875
37537
61185
63069
6771
51305
99929
78570
82744
29981
69943
96413
38062
615
72918
55198
55398
24540
95928
50027
32630
27116
22818
95284
15143
45501
77622
92194
12665
60467
99649
54428
84803
76287
41750
4635
12080
62868
11970
70188
60477
24145
85367
17311
18777
19733
16394
59181
37632
73588
31902
78805
31456
20663
64193
72342
64075
22765
89896
6760
53841
4669
43980
14008
75831
60979
84760
41744
86099
80629
46926
12568
21921
46328
89237
7031
25887
40781
5219
37642
71232
49319
62698
58970
33588
46706
80148
65805
71457
7326
15491
743
98744
91107
35716
8987
60745
81814
99866
9233
16287
20259
87247
4082
72967
78322
4033
95671
2532
29302
86835
60605
36348
33548
74009
25250
22458
32058
20186
71596
70976
21052
31345
21071
8314
88019
95074
8939
64419
50214
80369
73944
37881
28763
7620
32347
5715
24060
23546
4877
3863
13653
90370
66909
71729
36363
25475
50736
22340
23879
86514
96306
30423
5846
11757
97741
73535
38823
10799
86006
95176
74593
72329
73570
76287
775
67199
27220
47737
11597
98317
32614
93616
98408
73962
31187
74490
91699
40502
47347
8505
45718
9684
25327
57416
41629
9728
93415
76451
95857
51634
47276
6112
68531
87252
78459
74684
72697
57728
45855
17392
43076
84400
49376
45417
99075
36609
8740
96807
36316
15570
97832
45958
21314
33271
41974
27558
44988
39294
77134
49097
90086
64952
74872
87792
29370
13718
45943
13306
19109
23286
33963
35850
59338
69770
33649
73566
42780
59298
86611
54945
23429
4990
78026
99984
86846
92695
91970
73124
86842
90782
25213
14169
97156
23291
40541
507
50774
86301
30587
98515
7245
98974
84128
79730
66086
36118
63802
21850
86468
61125
21842
3695
14627
18219
45498
70978
95183
27650
69832
38938
48939
3230
57475
90016
94921
38352
85794
8087
94564
43339
22006
98050
55275
20062
57196
51562
44350
70510
85714
59036
26245
56602
87634
98749
84451
55720
91161
54063
83348
6769
24598
64609
12805
7960
23556
26222
20953
95993
13690
68010
82753
39524
71466
19009
41780
16539
2573
21456
63950
61963
88575
30961
12413
1743
29606
46661
67473
989
19491
88047
98951
49082
37096
1815
8022
88574
58788
23570
59740
71682
29360
74780
11597
53453
49827
46511
3767
97294
47878
92546
41203
95396
75186
54628
47278
23562
99405
13268
82688
58749
72144
40214
6069
60100
9097
80791
43920
99284
32291
23050
98258
72456
93735
28438
63561
80768
43495
45035
57000
71433
3448
51091
45553
74542
31036
36445
26953
28974
77303
79130
26770
48362
79372
98030
3970
32580
75327
25526
85348
18339
16322
83456
90082
24174
92637
55092
56432
10298
24266
62805
52712
62353
80986
20732
8686
66988
92791
35799
33242
8153
61654
33945
75591
77644
19928
99605
84333
95924
21216
98433
42596
11344
4653
87779
16527
89186
39139
67711
67960
43468
43485
46395
51183
65503
67116
3367
14669
82208
10020
62430
74085
61329
63881
39716
18912
5866
34389
91784
50858
52025
46631
59367
44618
53317
4161
10723
17415
40243
51580
11399
8605
7897
70146
27031
98360
62197
24146
89236
2121
29498
4494
51698
7252
29357
59581
50176
37707
93011
44382
7653
45288
72812
187
30257
38747
87541
41259
23998
43109
15607
16764
87886
74983
30992
88896
8703
34637
83405
28314
43537
57655
96833
32029
17364
26733
78752
60338
73276
52324
58339
36468
1281
16385
489
19863
90425
36746
56623
61291
57592
61924
2851
47041
11763
61984
70703
14847
33818
76913
6564
22219
94897
78831
49208
5407
62689
76138
46072
53448
79195
19469
92747
57700
63132
22575
39787
85910
45326
46250
78603
39686
3938
31338
96241
40765
34631
46107
59660
1244
63095
98609
47723
2331
53283
3558
50982
77135
8332
75208
33762
78318
51951
69934
96572
11047
77408
3769
55118
63223
10227
21156
32100
88580
58231
44112
20064
57657
67760
5455
61836
99398
81789
32570
12632
51042
99077
37504
9399
25673
18098
63725
21176
52746
99510
16055
96766
13924
28485
43013
7506
83630
47040
57513
86341
20038
43282
35651
93671
87586
10367
59348
74776
47928
55845
89794
12355
25636
19749
88948
68098
37490
29993
8732
86953
34733
32283
40810
84890
94451
84659
65758
30996
87517
12901
11643
8811
1047
56144
43904
29542
32027
8870
34187
6765
49240
95123
93542
23785
70265
68333
81314
41147
83793
24410
79890
37704
45024
59589
74775
57575
64083
22400
26240
29741
37191
22677
39552
48208
93030
30880
73667
73015
27283
61548
35235
59887
49539
15661
69693
68420
61678
68579
64110
57850
22992
82007
67462
84313
20037
42888
97570
37700
1748
59986
16533
4644
8786
40175
10901
21230
14255
13494
80516
87631
44666
44
69234
96892
42986
65424
4312
38869
99358
65633
75970
79800
98165
43090
29931
67169
43726
36367
73155
28713
75034
71270
13535
99573
29959
35162
17798
16541
91718
66725
10516
75427
17654
27283
75928
31345
34348
52835
306
57346
74871
47538
23649
45122
8489
28175
530
51632
98398
2641
98419
60710
286
74746
30865
82029
60043
97658
71150
17877
88402
3577
78293
89630
5383
58854
85188
16782
97931
98337
12796
67885
30903
69046
39260
68589
21499
50295
82591
68516
32276
54703
40310
16755
6892
6237
42692
33739
87779
66054
88175
59896
24316
42397
23236
50038
95134
91506
17823
84385
72378
85106
82390
63074
37241
29396
64392
74891
46828
45822
99860
67653
32375
57208
75233
17747
14440
5304
53956
72437
52907
67491
42458
65052
28286
92551
40960
92946
57082
56823
88963
23457
36914
7895
8067
47671
27270
24131
80392
82608
99852
91793
96543
82230
59146
19289
74396
30190
64897
65875
54493
55595
12979
99274
73608
4760
57220
38508
41956
16132
8662
66391
83209
74985
83749
43566
43606
71164
9347
77773
3885
69822
48201
79827
23420
31091
5470
14183
74841
32238
53339
63950
62456
31964
23073
95438
13063
92448
80680
13754
86803
14651
24910
88760
34010
28828
70785
441
866
38192
29991
31461
16018
55808
53081
29443
20173
9234
57947
14431
68484
54853
12458
65092
33585
89617
32065
67845
48108
83413
37144
64807
23357
34366
67096
2649
69915
699
74532
18382
12700
6220
44519
53780
84309
48079
92279
82680
73496
52821
43528
43104
70240
85435
264
16179
32669
1324
47123
37907
43721
37426
48785
10207
91566
97942
30812
34922
22120
68226
4691
67221
69406
35677
51961
68779
47285
58780
12948
44874
27140
18971
52312
44294
61741
35586
81736
56540
73062
80135
65158
31490
99
52670
88083
33636
35204
50176
52504
62951
97725
88357
84991
9503
8014
82870
24408
83913
47062
42853
15800
7004
51007
57519
24415
23642
32706
84691
77065
18130
45490
21633
43947
32374
75385
81947
33818
29090
3855
40095
69233
47574
589
94113
8961
98097
60363
64656
60896
29398
6475
36913
72707
28275
19715
473
90842
64580
77351
97305
99966
54625
17646
42285
68945
36273
52896
63457
38189
24567
46917
49848
36953
66647
89821
55375
30316
41129
10079
97602
45145
8215
1023
27265
35293
27232
397
72818
43387
60355
32085
81479
31196
76607
31372
32908
59569
32877
28410
81516
79067
98265
66225
38559
93857
9558
69884
59061
90711
40448
23268
97398
68684
67278
70853
37118
40172
97668
49438
6361
4669
23953
44019
25328
8880
3230
68462
69432
47623
43252
16
30684
41878
11811
22796
30984
52580
4410
32216
90035
72519
80323
16256
53440
19854
76989
68247
57698
35943
53367
71152
17486
88370
66199
98532
59153
15794
41759
63345
13334
44786
11105
68404
79237
7418
83216
37158
26338
54891
45285
5724
58649
63692
2885
70053
46289
49793
55344
25483
85393
21520
82689
20996
87705
63048
84982
41161
83998
44327
72292
61633
90982
42535
13585
18619
42008
26252
62432
51899
1437
41687
95879
81934
72205
29144
62162
28466
93826
55598
57956
40337
80364
60622
53530
4143
60554
84584
11634
92682
8673
58975
61027
32479
11167
115
55641
45121
65313
54390
27364
48454
56975
93955
44883
78026
96198
83161
1606
62801
51758
74096
36030
85913
18083
24175
58649
751
22854
64356
38727
14712
79391
30631
61422
34753
88152
81133
80256
28074
94494
45320
10987
61488
5369
57645
33939
6726
83561
46489
15636
50753
47595
26790
98920
83886
73629
32202
57573
54106
47681
3027
81264
21822
34565
63861
15923
80493
62358
1267
27114
73565
6359
31134
27047
92459
10736
8636
82096
77701
73669
19301
72608
33446
16772
87950
88771
16638
86695
71957
27962
11428
15157
59986
77045
38169
92348
8329
21431
33551
45838
99153
79244
19144
92652
28113
84533
69480
45020
57744
49243
17786
60350
87025
79493
15666
44826
73268
82071
36328
91968
74318
29795
3769
23637
45976
65976
38292
76620
35269
60294
36266
22205
49434
90368
80579
72239
62677
58021
82943
97726
81846
44676
69147
75407
5322
61154
99411
7013
86126
73468
18321
94510
17603
71645
26737
70951
76975
84645
92643
41401
66082
15338
83239
4507
85859
22426
48845
50769
6559
94620
92379
89480
13676
29771
89951
15047
89982
5618
19430
28954
67157
62307
60322
10203
74261
65312
60503
80948
54510
8416
39024
75302
30868
21065
85598
85722
46773
90287
12905
67219
23871
69926
36659
70866
45228
83024
98434
96358
73889
69356
15371
60105
77752
55369
37225
57228
67660
28282
78209
989
92759
69597
7102
89098
5795
26097
11296
87364
29167
51089
77102
72761
58327
35636
19217
37741
37320
77418
91403
45993
19877
62906
90180
87391
14815
7490
66038
17512
8464
68052
43567
40525
87693
8527
80426
8050
76408
54096
33462
92270
27825
87829
32292
46400
96476
28340
63871
33968
69185
43822
20435
44657
24287
90980
63599
1445
49663
19882
61757
10971
17819
97251
68372
85670
94199
96735
42309
80050
14406
20842
99365
82518
15611
35675
64197
68901
14977
63303
75978
90284
89838
87568
62894
63030
11568
75765
58753
44481
41348
80460
64511
41776
4065
59897
10748
72199
5266
7091
91775
14586
22310
41098
47580
7745
35830
36751
37754
18686
18407
53631
96756
46557
95544
28166
58388
85064
27026
94220
4251
80939
95908
7805
48420
36096
93377
94946
50184
57322
2835
87970
39085
27633
27822
60751
58935
84194
68216
30251
15161
61304
56078
34852
58648
4135
43042
22871
76240
11322
25110
46429
29394
53513
6888
27579
81921
77698
39259
94100
12702
97755
56535
76354
95140
19661
27679
85795
29770
52058
40149
57669
85190
38837
3969
46362
16688
42037
56163
77360
95284
57965
71636
64406
51473
44982
39424
47393
36676
69829
2759
96650
30021
60465
2593
88656
39740
4856
66684
60097
79939
41320
14356
32306
30664
51484
94843
61883
56581
97945
18224
63221
90509
26821
97969
2584
124
40832
93531
36309
48536
88317
47340
20926
64756
77258
3115
34153
49546
10482
44356
39164
64644
98356
21566
23369
77511
39735
52836
45563
47028
80618
98528
35652
72179
48213
37962
19073
42522
79749
32303
46680
38816
23130
76804
57018
43337
4058
38787
81137
14488
37212
83601
55959
3702
45728
67288
13337
71377
78076
27679
70441
44830
70174
74630
20349
75438
80528
80583
22221
65522
20493
5777
17230
91360
50525
97065
63291
66377
52212
18189
34914
37026
44342
82837
83589
52567
51211
29505
4421
9759
65411
9798
22102
356
9722
98461
19834
57843
1238
19010
17272
7800
31295
37841
71572
50950
96250
5319
24477
8337
18714
34836
33036
73831
47862
47250
57245
25139
29800
23976
34375
15338
26244
81148
42406
75032
13142
81112
90468
28760
54819
52152
12268
27353
8829
36543
43793
31862
64899
52313
24662
16345
73184
40595
17576
60905
49983
62113
19236
45882
48414
87590
78062
88994
61531
77207
57027
53655
65902
27672
89884
34728
48037
79906
86719
79944
4816
69644
43745
21512
35947
71805
12565
42096
13426
29069
30398
22770
5284
47758
76288
1140
25753
59479
96248
30445
23969
75555
4357
6410
92969
78224
14143
37670
72741
81006
83268
16877
62536
72140
67059
87237
15943
67071
3884
77591
37998
56225
53597
61000
28212
84943
25440
99960
25826
29297
33791
50853
67779
2329
96042
30219
44819
55955
52345
38791
21351
89147
82264
13196
44185
6508
66371
7269
34658
63784
13489
82970
70802
32707
93572
67816
41581
86235
75780
66522
85332
42993
67913
83018
41415
78284
94809
49506
77624
38524
70944
10635
11872
3336
55393
60827
90731
79444
74759
38793
60911
19062
6828
8414
71282
12480
12048
93816
17901
52175
59556
6486
91888
85037
73803
15339
33424
39625
89363
8731
61433
25486
55713
29231
35941
99848
13779
34322
46516
58657
18111
18978
93411
44916
75
42631
89231
90165
27447
44482
15020
49746
51218
453
15798
57374
46660
60960
40424
26163
81921
58115
22529
58063
11246
51420
19565
58948
32550
99370
72092
64056
12637
59472
75698
76558
15931
70961
73111
69141
62589
26104
90621
16045
89625
89023
60175
90861
98484
62726
86700
26175
90715
56922
30423
60352
32962
54823
93664
61570
42127
86835
78954
57354
41491
21109
87444
26230
45955
95056
76436
27804
84351
94391
34919
83792
91671
42907
12185
60584
53120
29824
34642
41215
200
61735
49910
21792
26184
28236
15880
86769
1037
50146
59688
30030
22401
2966
15704
7097
93005
60128
91342
60540
8879
75774
45470
93927
66371
30897
3943
96799
61690
53528
66929
16981
23435
14934
70578
54041
87193
50371
74272
17724
89210
64842
5834
87086
26669
9008
50291
79248
88835
91629
34773
84203
66972
25596
14795
79194
95971
27339
10347
83486
77993
18361
4226
39093
97903
63553
16871
43805
63879
81775
20897
12363
14074
54115
26119
42569
78009
50545
48602
44241
59741
12576
36105
42981
90860
79776
8362
76095
76893
17363
35704
18673
6140
26881
10306
22488
9341
47501
68737
95369
98426
73635
3648
39288
19422
97731
97631
5600
62917
6347
54899
63551
15759
85844
77591
13869
51226
58629
8012
80946
30517
86380
43993
70763
98083
23666
54472
39028
50237
58644
24127
71012
263
8963
74410
61700
23985
33331
56794
2582
64
83425
75006
94304
13554
24990
40008
84075
64867
5678
83544
82070
58349
52864
31456
11814
8371
2943
37026
12889
40960
71308
47497
60214
70616
52416
89184
99016
94730
12927
32854
21238
22652
75519
35647
21574
46314
50170
79911
25775
86644
3692
78278
10357
19271
17768
49555
67530
3217
2924
15627
38983
49819
37024
65255
52646
7449
88232
97273
91044
67771
97383
7963
94024
52437
56661
40901
32464
17577
34205
94255
97101
92828
1660
55336
84116
70507
53382
43253
36658
12273
40416
95051
91707
39938
11230
4002
45076
40862
83166
28487
39238
82651
94476
63127
98864
17945
66603
61123
24230
78822
89163
55108
95849
18451
30415
66333
85411
16756
72156
59523
58729
49356
48237
22103
28182
43921
97111
74787
74760
69413
32039
89138
58065
67478
96169
87826
81791
57098
56862
9139
86485
7163
71791
72485
69263
22496
12981
12771
57753
24345
50982
99141
14599
81925
88164
18403
93252
4782
76567
55114
34661
9215
34897
63007
65411
79763
50741
40570
59762
11555
40979
61304
15672
61211
1796
19061
54186
25759
49313
27007
48635
53387
90497
93301
76561
16429
81805
13682
21657
82939
45543
87815
60816
76297
56678
65631
24003
27189
3058
53866
88266
60698
77708
93293
51847
33824
73763
85027
37678
67473
15967
13037
1203
62429
68221
12063
27003
46893
21446
82674
49202
82389
51334
33951
46149
826
91939
33184
37664
77166
38432
92746
35517
88582
25892
1816
90908
14748
4541
37341
5352
73051
14604
17575
65849
14366
72399
98989
54346
42256
75274
54820
99109
35291
75028
35476
35983
39606
29954
74289
3042
48553
83770
80
28829
65132
68071
50495
71035
55786
91767
47263
7808
85263
90715
61680
68453
11839
64342
69609
67288
46862
23120
39086
71753
41994
71196
73449
10177
43153
847
51693
53049
93679
86540
98616
28795
39431
99422
85114
37082
83339
20910
36501
15680
42069
9426
44894
18913
4107
14006
66199
18248
87449
61521
61057
22806
59060
11902
71657
52152
38042
32274
97462
63917
96271
91117
23491
93116
82016
919
10782
75158
61743
489
95664
85431
22854
4066
13554
82309
90300
95603
56224
72414
50188
60
59533
67018
2015
734
73853
10633
9987
27190
44745
54344
25830
30805
21571
30131
94857
30623
78997
89610
3639
13678
52318
75170
56561
80183
63903
68801
96524
65812
11738
64109
3883
11810
78407
54843
41339
59085
61823
78879
94635
28218
36082
58487
52928
93528
48445
68527
76402
27347
4301
64042
69467
2346
20790
80491
73461
67342
48620
70804
53553
36325
70803
18536
81270
66947
11143
23970
85948
72998
16056
3454
6240
38419
30544
42530
146
21025
12695
61490
7113
21221
5041
95317
84463
43866
70397
33283
11105
21938
37397
14392
68999
65951
67459
74958
92628
73950
56224
55843
2352
47752
9958
30692
39879
47380
27125
98514
70197
74423
43483
33420
83269
56375
3090
78002
18136
68523
486
39013
7544
76584
21138
92112
53067
30094
8287
91815
11875
50955
3213
46987
14774
86341
37352
51952
88046
33338
42534
59421
50001
15609
63140
73618
32084
54074
53436
93024
98836
33731
67710
46897
78875
78553
84682
88900
98147
54091
71013
4438
16909
41578
27068
31076
86651
80328
59167
51716
31861
72237
45935
11995
56922
54651
97776
81958
25507
69035
26160
88308
84457
3929
35547
83526
10933
58954
5275
76146
28004
31819
1577
3401
77480
26541
96011
34353
81356
83306
66269
21167
46968
92584
39508
68297
56146
79320
10744
9378
39374
28973
93312
797
85243
27597
71874
31691
46891
83880
83783
11158
90590
55819
79796
94349
11325
63137
46589
67860
46999
58317
28274
7841
68993
29745
16614
38017
43215
18970
11134
26839
58414
9024
17026
60394
22119
39000
76359
40258
57826
79219
7898
36186
41894
94434
74377
84955
78966
95012
68433
92437
66971
51907
11847
78949
87248
93658
61539
64786
23197
51711
94347
46058
68329
92864
83645
67992
89544
4765
99455
53148
21946
86420
15611
9037
24391
58350
80094
54939
51970
84928
79143
16752
12286
13275
69981
71314
64622
95973
12461
41757
71378
63025
32345
50671
42461
61367
16157
94924
55960
4254
40031
38590
95580
49732
9030
53348
92575
81976
34323
21029
36488
92161
31945
43467
82562
60197
33163
29872
36413
88318
3511
9671
25087
16541
28279
10022
88596
43648
67212
30582
85423
58190
68312
7212
83603
94474
12735
29734
97171
67506
62204
24059
62278
52701
24451
73273
16313
18166
36037
45579
32597
39423
15466
84025
10643
85108
20610
45044
68478
37211
6088
26454
34863
27812
37464
89571
43918
39678
93772
12410
74228
61872
50542
58886
37396
62121
98721
33859
12774
69605
79452
84618
19764
4784
80872
70864
22874
3607
58350
75575
57966
29283
65470
72672
5545
19117
15502
6672
2492
40064
51583
32953
38372
36781
3703
59725
28793
74586
77274
88885
40838
49730
71033
56198
77524
64874
22722
98222
54231
94883
26506
78265
52701
37955
89367
68546
35798
79308
88412
98876
39501
27725
1137
77947
1347
43999
95012
90750
31888
96993
63780
20813
53009
49785
51530
22885
17597
55708
85566
99859
25994
40489
85191
83816
82728
87954
84359
51191
90970
58358
53030
56394
3997
43545
83493
64097
73384
13815
78344
87728
8154
79773
87697
64452
51316
75169
5371
97352
33197
25658
79470
58949
76132
52768
65470
2023
69032
76629
89062
23303
8955
83062
5771
48306
2783
28014
22468
70205
72510
20242
66346
21221
35516
90765
48879
86111
90457
13362
8823
42920
31120
4871
98561
95486
57734
82928
65136
89881
27678
77400
68883
62298
34542
17208
55412
13330
15791
25825
1533
54042
54459
41107
49371
73578
88487
63192
84144
64517
42172
52607
56110
8216
10057
69113
22057
38577
82587
74447
23229
64473
69650
62037
20987
65251
90410
76789
66773
12304
61259
36107
74774
44593
6389
95473
61209
22807
83137
36089
13176
28571
17104
7574
1707
36555
26177
79904
33273
9017
59299
77390
34717
3812
7182
14053
27721
23622
50014
5649
16248
56848
99261
31040
7446
19972
96187
10050
32103
13212
31008
57595
39088
15403
45278
28796
94420
78726
92886
78811
57916
54037
71254
81204
92490
37031
44082
39553
72350
23234
72336
80995
52080
9121
16151
5427
77617
10603
4370
65529
85105
75044
80257
3543
41031
98554
18086
65264
92648
17185
23977
66684
57171
39433
65873
51795
69850
72019
58266
28375
31784
72420
88091
23037
97789
78425
48190
28879
14316
26516
73722
70734
85909
45194
57411
24127
87739
89887
22555
76885
53368
66462
5969
21243
32626
35815
98415
41571
418
50135
49089
24817
1791
85374
40025
96748
37758
95815
27210
40206
31304
74056
26957
39587
21968
53530
43869
70162
78783
85214
28867
26892
39104
647
63457
21646
61695
20104
1037
19665
58085
9062
97503
6355
7106
2887
15131
32666
53690
37468
21197
29485
30096
42726
92517
30776
6494
8659
65870
21886
31906
82197
59334
18611
7214
96143
43720
5963
48798
79924
93122
13564
30631
47214
41566
72437
71259
63247
87958
49041
16838
82302
35420
94387
96562
60111
20723
26883
98517
59892
12065
32385
71843
1306
24513
63020
24739
36688
89646
4443
99183
81034
26260
58157
14967
8593
22444
58588
95202
41304
27314
79142
74046
28995
74257
70215
30694
89695
57679
35554
52545
37513
34683
27190
22147
13317
18171
34572
2927
19812
38959
56331
1731
46465
89603
27278
93557
90448
28525
88205
17498
22588
3283
84463
4728
81621
47316
92227
51094
6864
75438
43319
26114
75487
48924
39191
63362
56485
60804
5722
59722
75509
37031
26622
48845
9275
97847
13599
56019
73508
90505
74392
71458
52685
92281
98216
11846
34023
7934
40839
25578
33720
14953
29980
5248
31694
32217
16292
55449
60023
91676
17162
96599
86146
99913
90940
19920
59867
93878
34264
24673
81564
3965
67972
44271
89952
3833
37523
63904
74501
23122
91560
83700
87366
86645
6151
96787
76121
38005
48693
85567
12313
54763
89861
17307
93941
16449
69724
37421
80529
42987
30542
39713
10170
49541
87041
58112
4170
25295
14001
56518
53204
13293
27739
28565
505
2003
36043
4700
93324
68198
18498
10422
77998
99713
13586
48253
10576
40642
22137
22547
47125
34166
17447
2324
82726
72783
46584
7415
28225
50895
61005
86567
85941
10242
7407
70247
98933
83880
47723
81858
83135
81657
87012
6412
33299
58357
56797
95001
38268
56892
1750
59056
99575
28533
8627
80404
10153
90815
2167
24652
74129
67278
80381
56054
3272
72556
94960
21570
6443
28748
17453
31949
78685
86536
17256
28580
25410
60040
46381
58362
80830
9490
96362
20884
33562
43409
10932
97911
34886
93899
37204
15792
73725
61086
71575
21539
57319
72689
51629
1395
82134
39849
85562
50308
44955
70579
94672
55432
65961
59320
30550
50499
91036
34354
445
83104
89924
55145
77610
69315
81272
89635
14470
79541
34870
70756
41974
50600
69440
1255
81854
67445
32237
83935
77210
35529
69810
80698
23099
69436
49503
95298
370
97495
72876
27714
55123
77190
3650
13365
74317
58849
39705
38185
74644
32577
89937
51147
78392
89181
77929
41423
11874
48878
50834
56294
49818
55650
67092
1313
14562
58733
51995
25351
63431
67008
65712
2292
55959
68538
64929
39971
64222
49542
40399
18260
60598
43612
2546
92732
4588
40978
12053
97504
30357
46075
58979
98636
80741
41002
20418
95198
69468
48828
16246
42034
51705
90541
8196
56828
24736
31997
52662
10583
37592
66436
10152
9567
37741
71428
58814
49525
70659
72770
45213
7704
10665
12268
90104
42301
87835
78311
71629
34861
97731
10499
55996
85584
86686
70721
85630
96172
65265
70667
99464
21348
72795
94940
52680
32156
16899
50638
95640
41000
92168
34680
55597
84408
52432
98892
50342
15616
81215
63487
82941
87017
41533
20565
79808
96161
28702
60227
32001
70599
97940
54493
13839
82656
67549
68083
75159
22747
25374
72883
9692
64140
30427
82072
97279
22574
74328
17345
89597
21697
22047
78255
70507
51833
12132
27894
3061
51013
5149
94573
74599
29739
21139
47049
96770
60113
23313
99105
67021
43228
48038
54611
12893
66475
1226
87858
60917
46122
26217
12050
5805
59746
80547
60369
29344
11370
50215
57183
14395
15283
83903
91608
51788
49588
90057
20602
40738
80595
20927
76216
49016
61613
68498
3705
37917
75902
78650
24744
52933
88805
49402
58489
16920
26621
99738
9094
45761
71577
83462
56097
83844
84761
56831
36848
56245
63265
46574
80722
95900
22527
44733
66954
23267
2711
67651
10531
99171
32468
1193
69667
95795
46222
12698
60235
80266
81667
71991
69688
65844
72990
9583
98790
12540
45313
88850
67020
75074
24534
50763
71643
41244
13901
3311
63468
8155
17132
2308
12906
30116
14966
14316
25346
71604
47266
22180
32580
63590
2596
80589
64878
51958
91832
29295
56150
50063
91582
91719
47513
70477
15352
55515
32677
8044
32779
26931
53296
5074
37215
38897
40476
47615
55669
65381
76969
75255
74759
14973
27237
28805
42692
98703
94242
38169
34829
26432
79880
66010
12894
39246
46324
1003
46197
93340
32083
49596
32454
65004
30935
56334
59062
27672
76752
40
3018
7592
25084
22161
15015
28494
3984
64554
32356
41682
29915
55555
83456
29902
38982
26271
77973
56479
13234
22780
14650
88
67
25134
10290
68914
85608
41748
45973
12567
79182
92682
19036
95807
75137
2245
204
65819
36112
92943
27087
48052
50939
20983
41375
13654
93517
8464
11755
40980
99439
58074
99149
5667
80967
23047
65843
83288
74918
44071
35604
1081
68697
51704
83673
76259
37896
88478
31512
82824
34783
89711
84794
32123
69380
91160
98826
40107
43641
29583
85447
41446
80532
31852
97303
60273
56453
22854
7062
33951
2210
45731
4867
1070
69887
32999
34186
45926
66866
56612
1892
42300
29652
56733
53981
31230
2164
32824
42363
65451
56538
73816
96460
13440
59492
56328
60183
33715
7690
5601
57522
53747
44157
67904
57447
81509
37925
36736
29583
3245
52425
52177
45138
14376
34819
94047
82656
78582
61437
11829
93806
1600
32082
96673
66645
67638
59564
36248
6192
57931
61717
73204
82309
79032
58393
32112
2129
91268
55140
37773
23101
55047
87445
57502
36421
72083
36799
77350
96456
92112
59715
33618
88066
47572
66365
9859
78468
49718
30269
5807
24130
93396
55780
65244
39567
63850
87673
26977
65785
24748
90900
41125
56460
18040
83489
87541
76318
77649
78710
30785
44010
74581
11243
38217
33324
61847
90535
67481
23139
96059
71298
1344
4544
78852
71726
92258
75145
76276
21452
36318
69604
66923
44339
49312
35729
38697
94420
44936
5871
21353
83603
74331
25333
28883
10782
62984
14480
94899
10136
34925
55190
79994
33973
97915
43082
4553
56269
84426
32666
17077
39682
6694
9768
76004
58003
34937
17668
2445
69134
82491
87260
38337
52558
59594
62634
2637
42969
86472
57267
13177
94838
52953
82063
99414
19692
91745
90968
42008
55013
5987
41574
96594
50363
33097
92477
18353
6152
7888
94447
22360
1914
22860
41789
23833
14483
54593
47511
6358
7774
96109
47880
47166
38051
18654
88302
6776
22374
28184
84825
59037
63344
88477
93172
47089
20470
87448
61547
98015
6314
71070
43374
5458
88540
357
68102
18888
64223
97181
95203
54045
26887
67855
75714
91670
65048
22474
70849
80201
53802
51531
12327
39665
2669
61632
3097
33648
33786
10763
53591
50573
71524
40739
26604
39270
96167
56706
16204
3568
58176
66938
35132
15440
55362
67197
46621
7602
74282
54947
14093
64076
84441
46991
81128
64624
25190
44185
50388
43675
61482
79520
88717
11865
59385
91522
99210
82202
61663
65833
5952
66418
34395
82599
18248
11678
86269
83147
56294
23375
11490
88664
35341
70692
13796
73899
70260
3372
70826
13716
34270
60521
98164
5206
62691
82793
37523
67003
27562
2718
67874
97687
3314
4158
26365
96807
74603
1897
81693
74624
94385
17221
29729
75419
49547
43222
9410
38079
50333
49858
10534
62446
56784
11607
74072
5208
43074
2694
20035
12072
26524
18119
16973
11376
30519
90477
53859
99387
14452
48788
99268
93368
4741
60034
34969
85009
80911
78544
84238
16713
89122
14517
8965
3490
51512
7229
2722
8924
18058
17132
78464
95138
82969
79589
49455
53196
66137
70781
11263
14926
16946
28975
79863
58825
35140
82286
14047
99410
5211
47402
98365
75228
35977
70037
60072
67458
25290
60641
35590
86327
92281
93471
79167
76729
90698
54397
31685
72976
98444
98092
77091
49768
84685
25786
62536
49058
16553
28425
81254
19616
14577
19966
29438
70500
57505
52764
69851
36956
21153
77803
71134
64524
71372
56851
15645
76937
8209
57908
81835
68565
88981
15084
97222
42432
77481
14420
19575
42024
71442
46298
79225
39277
53694
17592
21879
62054
27264
85503
8161
37912
94975
75445
69830
96295
19735
17704
66273
64537
5117
96590
41164
43499
30674
37729
21528
27506
83582
3262
25249
5369
85725
15835
87490
43178
25608
83024
75634
2851
63809
53540
81434
8766
25805
40352
71866
30537
20561
98342
44383
65493
43920
91062
49797
71315
19967
88251
2242
79480
27047
50611
69813
96380
91720
93800
75219
37975
3729
72951
69750
8235
57135
29190
97291
77862
97994
60462
65856
216
14617
55275
37937
16188
76555
15168
23487
55483
88895
88356
42714
75680
2603
35675
12347
31547
74727
66105
12201
90564
20198
23650
84405
14031
39435
87745
2504
61997
9165
80534
12160
7163
62624
80568
668
19435
12483
15712
8559
84281
78384
97451
16000
23851
64094
36089
86629
6409
96528
63245
51243
50167
46146
57564
81428
1931
10080
18359
15964
2481
60606
65192
14869
5047
26208
81959
91602
52406
69723
66739
15173
31762
56680
86157
23775
23454
17535
61971
85277
68777
91525
27177
76741
85946
5930
87422
18588
1616
63821
75108
71224
15688
49891
25399
74292
30813
76789
44721
55762
5689
3705
73150
33025
68953
63241
32878
57057
2831
61482
47337
74174
3549
11344
2914
8371
63908
27214
50844
41257
42893
54927
38143
75643
87459
80961
10989
88
95326
80785
86484
29075
14889
39650
79107
12934
9446
83648
64324
92834
19720
58371
19362
2584
18607
74189
58271
38738
83101
99844
40394
3628
25671
85575
94010
44109
76499
88684
93390
73512
84233
44773
51584
12802
49525
45964
44591
53429
73051
2249
24031
46250
40155
75843
27431
22000
87406
76907
84368
9738
84914
13874
83545
8022
65542
33582
69197
71010
91874
76339
95213
13241
71512
39984
17091
14781
74109
7014
27167
18041
24887
60537
26171
60818
80562
61555
30845
72678
71269
21853
68529
22284
94786
45826
72932
42370
53388
67490
16179
81930
41108
84650
62123
82929
99412
17000
12634
95758
81647
58539
8050
72117
15366
59344
22866
17580
94174
83500
41231
31199
16431
77743
34687
45030
7634
10926
10055
71179
3801
99435
28734
79642
99920
6377
64705
40678
69658
93559
2972
37645
86922
57305
33403
48661
83503
53919
43635
11731
8193
17749
60210
19233
76849
81300
86391
52827
55504
23438
92847
40090
24843
43410
56462
84099
91022
8682
99689
54995
98229
72914
75406
86411
24807
37687
2034
71525
27143
245
70714
99316
70203
53760
11457
85098
77253
25929
73999
49325
41682
31815
15337
17831
30056
44472
85789
22445
70068
61519
92610
10609
5462
15347
91547
13377
69314
33864
2769
59152
52803
40088
10422
95671
20438
36242
4562
45017
45622
24976
69747
96709
85063
1398
31110
3950
78739
82794
43983
4342
10154
42033
99206
52473
96771
11367
50163
17182
7445
11124
15315
16483
56224
78154
16895
62162
89674
89299
74273
86000
36704
70037
72994
51155
54455
70780
61150
4407
8294
80664
34729
8741
48132
54581
70908
81090
55844
48805
13941
63058
86877
52956
87372
99074
84228
13289
71065
64721
78116
23640
64594
42443
23705
77314
29455
7188
30235
44493
44305
30934
2182
98983
68087
35430
21751
22329
30104
24664
80293
53633
28761
34895
53306
29533
85309
75223
79932
8889
31594
3527
18337
61167
86426
32012
95120
87528
53571
14817
65894
62920
21944
25463
159
45395
91616
68934
15376
69124
8436
82649
94029
13169
45831
89358
35473
97168
73307
3485
60281
42629
78307
81500
17669
78173
53659
93541
97923
68815
65852
86846
4880
46686
34028
39407
88537
47261
52775
38537
25110
69261
45563
15034
47845
46676
49052
15988
31872
83593
9537
29597
7392
4010
31792
33011
9532
67294
1301
44311
7710
42493
98311
8901
70848
9074
65962
27585
14475
99492
59969
6848
97335
17341
38359
47428
58098
72236
97778
20624
93724
78863
61172
2299
34019
85717
62328
33290
80631
14984
12447
3812
14783
82817
40202
74596
2666
23183
93004
38786
75724
29155
5204
18894
71022
79695
39501
64279
5110
34427
93042
71056
60558
24679
59797
12119
75288
7826
76637
36211
17656
776
6782
45248
96872
52322
67120
16998
95439
43937
23185
59960
9447
95363
77339
39191
36237
99260
35760
2151
99595
58939
10471
66396
95599
89230
40865
88932
60329
50308
86623
28097
23885
38862
27772
56905
75041
26211
33004
49798
74878
60097
88953
20983
90722
35535
5687
99122
31700
75160
90324
63043
28066
42041
3476
34876
37388
82895
10721
27823
95706
31113
78433
68179
76332
20304
70971
6520
12920
20130
75928
19125
34815
48124
68613
19105
11456
53061
19801
54519
47276
18120
22431
74202
18561
49764
88156
35699
74578
86409
21036
61028
48633
48044
51954
77493
57708
87652
8641
90060
61825
20097
58513
9568
97770
87402
24574
87394
17461
901
1899
60719
22793
15413
25917
84619
90325
51379
38614
96567
71890
13720
33297
756
22362
5395
54286
48112
64252
1857
38029
56509
97115
35414
98232
55894
98961
95139
58355
76500
45304
59768
67375
42692
81378
16284
30783
50820
19360
58815
61770
33546
71252
54811
54981
7512
89534
93290
12669
22692
94849
30968
74821
8239
69579
14317
49334
6132
27687
54367
21909
66112
44411
35114
83644
45568
605
15481
67512
3513
86618
33320
11340
87180
2750
18580
90320
14871
71728
9810
18581
56876
2196
99147
89247
94406
81466
80539
75475
59306
73234
40019
91590
22716
27960
72307
32289
27499
95936
32071
78448
25737
43552
40305
99606
42443
96345
64729
3519
89774
24356
76908
64797
470
2899
55110
85624
70168
74219
24647
59134
59471
37008
47372
4562
59707
45146
77501
7982
62268
66139
55685
17974
47543
29229
64749
13584
57737
40663
9128
11987
69166
89720
82509
75747
15200
20346
4790
53959
20572
91442
59278
56831
22705
20388
93003
41934
59036
50550
99860
3150
67398
65468
63557
54207
99282
2384
323
43192
98163
8633
57994
57650
59524
50547
61166
63115
48509
94916
75051
72501
78397
56228
18633
60805
88071
64404
84954
20990
70146
24880
71345
2448
14331
31032
6087
85447
7969
76600
41759
51326
78880
54745
18399
89117
72303
48815
93534
81623
24934
89077
94266
41361
83063
2815
30864
74600
65486
36485
13111
43598
714
66089
45868
43149
59551
24666
64876
90300
48527
59642
83913
79262
34516
782
1097
66109
88815
59737
34606
21238
14287
64914
84467
91130
5998
73222
14991
6077
50846
26050
93709
20590
66492
40970
14783
58069
76508
89182
23098
79147
96822
54446
86072
26457
284
96388
30094
51429
14842
87281
6899
16915
51405
21225
36837
51944
67648
98196
52737
97870
84143
7829
60675
14112
25584
30909
71979
72182
33999
7346
26562
15984
9342
1577
25568
94368
69116
73846
62727
70151
12307
40825
27353
52890
45780
48253
98363
82810
69945
13720
23929
13407
47978
52467
51893
30324
34397
26193
33532
75616
56194
67423
33552
80457
26416
28839
20196
50664
255
91371
78853
11260
77162
40461
53406
2038
51043
46391
70135
39129
84945
96028
85461
65741
59030
87002
57124
73003
572
63581
86647
61087
10611
22514
51537
85502
47323
15911
35099
42484
19995
36611
99836
23739
88283
96643
58284
43557
20878
11905
52435
76289
94244
10987
74287
99658
98137
48390
43155
12565
69764
83846
35257
99520
24946
6427
45204
70132
37097
70192
27271
27055
66913
26783
14079
66467
51082
60975
80920
42669
4778
44889
34288
39717
3014
78184
74814
51826
77110
18235
12238
89697
99294
29945
40200
54080
47948
38885
34614
94106
54599
72041
2604
24385
16680
31266
51904
69129
79994
2119
78783
30167
7432
89007
51815
12319
10823
81827
76721
21355
66193
81282
24801
90859
24632
17960
65273
64669
62259
95569
77511
52087
88650
39906
78229
94261
80706
19266
44286
10875
44911
46225
98680
7020
37985
99799
32822
39253
67739
62527
12114
22905
16089
93468
69233
34176
73576
93058
95754
6607
50521
81849
26753
61951
7342
69145
6864
53897
79709
70061
26107
25674
67232
89011
88849
29553
32509
8790
8272
39491
84078
2392
90312
3897
27521
10209
57624
9512
77966
94960
87961
25004
17499
15093
68906
60566
66740
99040
18461
75806
77449
45533
68093
79554
36873
99517
40056
81450
29665
53329
8041
57386
22268
38023
72146
84191
947
35048
36895
71
92126
75168
32280
40235
18897
49758
71961
75378
39973
9274
85097
89409
2822
38706
21171
54998
50035
23687
35432
17844
18850
27135
6444
90485
44185
35224
59499
5847
58789
77436
99380
42372
58416
42202
30220
32202
97609
78567
62003
66477
83068
59434
52534
49657
95096
75011
86352
63676
6822
13698
19446
82866
9133
98253
79341
65183
74916
34218
24084
87310
32881
26053
62664
30798
24448
44383
36655
57194
78028
83811
82975
88162
14102
40776
73607
36622
73564
47524
73159
29103
1447
89386
83013
17968
20008
19327
61137
20650
82600
71482
17969
64167
5547
14768
92678
23279
37109
61233
58550
39673
76613
77098
52391
74408
38147
48808
80646
3225
7268
83852
15474
40525
41815
4381
33792
98652
85854
89465
53633
35035
90905
97843
16674
2139
51414
41776
1615
69153
3999
87416
26309
51519
50469
56010
96398
61197
70219
42369
10926
39765
57173
26849
47903
38754
91804
69554
39049
79690
49102
74496
77810
75937
67691
42256
49751
27356
36558
80487
46411
40353
58619
99191
55259
92586
63754
67655
92150
24316
26510
21012
80117
88502
59081
36488
37251
406
57172
10745
53330
13232
19286
22768
63029
67889
86165
39276
82882
65321
37598
64583
84387
61121
25420
50528
28105
44043
13600
27928
76993
22784
16926
30990
54668
33905
32786
66468
34703
44296
76851
67720
25413
58611
69574
62991
55928
53649
99556
20986
88083
4183
27663
16539
2153
83873
21213
90907
58529
64387
66506
76815
52033
63731
91163
85849
17850
17084
42649
82131
74179
2930
6796
45686
70801
75209
4387
10076
33485
9514
17749
66048
39174
91319
27424
80047
99076
37700
94291
98420
9956
58064
22827
79954
35052
70436
77751
34727
85082
28250
41627
3701
27275
43886
98405
17628
43308
13459
63931
33094
62785
95331
84577
32622
24433
91061
20697
85092
12169
1789
47330
87609
10550
20438
34272
33334
34501
61792
32275
50910
26664
77657
32700
76651
27729
56556
9993
26328
30402
47815
14850
44577
12230
29916
56435
14517
57241
14235
87617
2590
45112
703
65603
34381
71237
41176
59761
26841
61346
84963
82884
35621
36745
28233
82175
29875
48621
88364
50251
37522
39450
77353
50656
85616
31532
51544
71107
90818
64691
92272
52987
99097
92441
33115
10628
69241
86988
2905
52423
17999
49160
23960
23384
47684
71618
46028
98272
6098
87667
79626
97989
4608
3069
68915
27652
65815
74278
20818
59572
70208
89383
69196
59081
66481
97473
62446
16669
92183
41155
42374
84516
43761
46716
11209
43516
58474
42798
22184
83231
43652
76209
23490
26799
81007
71680
70659
16667
79289
21472
58661
78570
21647
70363
14754
24892
26877
70611
13625
51990
28947
70114
44783
95358
68680
29159
73963
18950
66930
25649
75907
52397
20576
24492
20068
78707
36617
90913
85692
29165
46161
53176
1182
43470
30375
51196
49799
80738
48294
16767
10883
35273
13962
69696
56745
84558
83992
79492
50241
59141
50855
57500
66797
16932
89804
24271
74350
51836
86072
96967
53286
66393
90197
12042
44924
26466
69943
56049
12902
866
92702
81473
24269
7550
80499
50869
66576
89189
24628
38361
67803
81810
40269
81040
64940
11834
30704
36360
25036
42799
19156
99662
49547
30273
70607
52686
51950
58680
26074
89937
93843
80712
25646
23986
60835
11673
51375
24301
96520
60863
24764
94028
13893
60071
53879
47953
36273
84188
50567
51083
88371
83767
85084
30634
47508
26686
51920
13802
8179
23170
57637
25181
1118
74174
18194
83543
10234
35174
67493
50738
98945
15404
82552
57176
18440
5818
3011
93482
24488
46109
11205
38363
99642
26521
63219
53141
74520
67971
87013
58682
32575
40343
58724
82544
8243
86908
50691
34461
64211
24902
75503
26927
51768
17269
35464
76504
13467
43218
3653
93907
73095
67267
30141
60350
97944
2261
22704
39852
80801
45352
94789
47413
22782
8477
69045
43837
19281
58721
53997
68124
72798
87414
3120
62804
2793
12512
59354
31307
87259
61315
72919
40110
42257
92938
51877
18331
41415
61002
39029
98196
15114
85377
16798
35580
17933
23564
18297
39866
49412
68723
28984
9822
79008
23916
22440
69107
28369
62579
13771
2531
30331
40926
46272
97336
46407
52045
18215
45628
90864
33263
97917
23257
67203
40916
4455
84427
75258
75905
21871
35138
50760
12954
49477
39227
68745
84760
13159
78450
4207
42016
96521
93558
14407
1015
33939
84569
36690
44405
44828
84898
74110
82042
60967
90193
42809
10710
56882
4704
62003
25846
65954
35075
94961
36272
22678
78338
44030
81450
19524
50599
49255
33985
169
69808
50437
6313
94055
3857
55208
85077
10977
50228
11665
63350
9389
53264
76012
53433
71975
93185
62858
56247
41448
14013
65025
84979
9478
2408
34066
19765
3909
85549
33612
18115
9276
3120
89392
63556
34768
57654
66169
82876
92826
45427
67546
58174
6796
99157
51568
17333
7037
72700
85045
45562
21528
5863
74935
4878
58089
7121
66141
75381
28371
4848
71457
64930
4189
96125
30853
20819
49648
20268
50300
67824
7118
81031
30465
23342
40009
28598
84364
51066
39797
74722
13237
41863
29567
29025
47795
75144
45171
2838
37849
90811
56080
71713
50915
89901
73657
73309
62094
8477
2702
42864
90781
26453
9963
93184
82537
44060
44806
81921
90113
15212
56080
33975
4354
16684
36239
80162
6345
24609
53208
58535
17373
31983
94911
74067
87585
51747
19708
16377
28487
79815
58886
24455
89509
26077
84727
25350
57200
43409
33153
56108
43133
9240
99094
38227
44820
19481
52381
35563
80354
15211
1563
87804
76459
16003
44531
8722
70400
55190
28474
11121
70504
73080
1849
6237
19607
64047
92096
41517
12429
31306
9806
53249
70267
36284
97402
10823
78413
12235
4901
54629
88371
21357
64945
23398
87827
56246
17837
91758
10504
71046
93702
78550
35872
23319
20345
99018
56407
23013
94160
59526
72599
49574
96701
14463
76361
28925
97678
36868
46136
65804
64202
76121
6194
17544
29166
22182
24109
78635
19547
36288
22806
7501
79294
20698
8163
68161
50147
44641
96237
35540
9796
33891
21396
15069
35691
25834
46807
5589
79640
15769
11020
72276
29800
58098
48731
47864
27312
27124
66371
49517
71658
30507
15331
51523
97561
45685
58161
64486
34082
42144
27907
75529
78467
84851
37086
21011
89973
79693
20070
21457
8998
94128
46686
13400
17311
70337
52660
78224
6677
96686
82695
19592
2954
80243
59190
24300
2409
76310
22848
85163
42686
9122
56296
15638
94983
87149
36812
10608
73925
72570
31019
81973
15833
78618
38265
24817
81577
98171
43791
41365
23180
5769
20710
65663
85876
90311
44781
6542
18670
75424
49465
69763
70396
68433
21438
32769
15531
24742
41760
68582
3887
93254
12969
55924
2453
18313
8359
79874
20701
43968
42738
67088
27904
80699
65442
22240
71121
76989
32534
56002
2896
83543
34781
36624
55643
64972
14209
50499
63941
31098
51932
34621
81215
38698
89561
21694
71561
30170
63271
80280
66705
6548
42006
25342
17640
75390
86518
59987
70936
8981
81917
2508
95295
516
97406
39514
68226
73651
98224
95679
82474
41950
82217
35104
34022
13740
67508
88829
11575
34467
56455
27228
62189
56551
6501
91473
66332
66213
13841
49947
23310
752
64249
41686
14081
90521
32480
86280
16146
11723
41198
22415
26858
14916
92280
65363
98555
57108
93522
11270
48484
13731
7424
3862
29614
2369
6668
12458
9786
86497
98375
30789
8667
45523
8118
94594
7706
81524
17038
3739
24441
68122
59442
94571
1792
5614
83952
15889
32270
19372
69546
61623
95489
42188
58650
74432
98325
51123
91348
24856
50551
44786
39241
16184
33057
40654
63034
17848
94629
96405
72055
334
67231
48412
40422
61233
55669
79562
77484
91703
73250
33762
9336
16787
54843
61777
32508
39998
46477
88460
11095
8342
71158
70245
3339
41114
55359
31758
78690
3947
47534
67226
77823
19366
98830
40826
94618
57160
86661
42781
77890
51885
58687
16599
65717
81566
2024
16202
58828
12072
72265
61969
85006
64410
18813
5848
54111
7643
78948
52187
44875
11002
23108
89715
48952
52781
28033
55224
96316
53562
62793
91394
13549
92435
83235
37897
99593
6711
57049
7659
87361
12688
40505
83642
49499
4741
19520
51800
2913
57178
91200
13018
70595
80682
67024
62469
78024
16539
34028
10589
31221
63140
48042
55747
80989
62444
49629
20565
11348
31546
24024
9237
54457
81481
70325
24345
37083
55439
34712
64282
63389
10654
33825
24499
23381
62002
13001
40650
31520
83055
24033
98486
39712
95992
66968
71120
48880
39406
51941
10405
39567
98682
45043
39176
32564
57833
72602
12566
1481
28404
90129
15489
96241
14294
88985
24243
23551
51104
50277
32914
71844
48584
4970
46432
36250
95288
74841
93208
84467
31307
89503
46592
85378
5803
371
87118
48368
63345
68947
16974
71309
9120
2454
84375
59162
14626
6852
33150
14226
99901
66918
33376
77175
97435
89168
22845
78919
51970
37362
33773
72830
7477
50790
4299
42274
16939
86316
48602
92378
62035
37520
37397
13711
78450
44606
38674
87109
14767
54954
39212
61368
32669
32773
30243
5371
19765
80869
98552
37966
79617
60660
57652
85489
66743
3376
52642
29032
14899
59171
45550
42841
9057
88452
28538
75768
59093
64901
84684
5476
60891
92602
60243
57054
90391
29014
24618
72569
12795
3152
99722
44591
40841
4803
11981
94501
82745
76479
21743
82287
33958
14732
37933
54135
36072
24553
78473
57414
36861
32457
83197
24941
9693
42135
30290
59727
61254
81977
15133
58388
63820
34971
17934
59150
50356
85644
87282
46702
16614
97719
68425
73710
94129
809
20806
96744
25997
8228
99011
93059
87018
21191
75855
58679
22698
10589
61811
67926
11572
61901
86516
27397
36486
84513
92268
45178
76977
37705
30111
66464
65663
35677
80153
48069
95561
86799
90758
2554
28602
87985
16844
50966
91695
41602
50542
24147
92903
46051
56131
12822
44133
83179
7433
26403
47524
31263
18659
7906
86892
31638
16733
36600
24373
7841
44422
77691
29566
93226
73152
14524
14660
12743
19192
4557
37902
3756
93241
73220
10736
2346
1414
48006
84540
19173
85848
14542
1093
94815
7243
87718
3655
73658
51143
59081
75453
81508
86787
83339
63813
8483
86353
47429
23304
85491
71506
27977
80631
65144
61438
69621
16886
24043
11581
26594
5775
7149
44093
40839
51695
18588
14476
6178
80001
61261
92140
69943
6963
4375
7973
43978
42438
59059
67093
79958
92104
65718
814
18616
79748
31122
91562
94803
86349
80379
49214
27675
48767
16695
60189
65487
27972
82499
74271
2295
40333
74525
20623
16820
98359
37722
600
47518
86486
51289
67773
26497
37680
66083
38298
57176
73921
78746
14042
8365
74795
20090
46912
94714
82962
30425
23324
92884
56527
29024
48137
78591
91673
24509
89667
68693
50535
23652
93341
43892
31798
79987
81422
51153
81347
66239
61807
11531
6176
50976
81743
4607
16236
56384
87650
75023
48791
52725
55116
52434
5823
84946
16322
60736
86956
88259
29298
13307
48484
71505
73986
32535
15216
71064
94407
90870
82884
89610
12232
77227
97967
22122
70149
69070
87896
35454
6290
8155
84412
76554
1428
2214
21960
22148
79819
30785
59722
78046
81463
1706
37836
69250
98557
3428
57154
22285
30306
74222
9080
47510
18072
81390
90558
19563
76695
29609
48832
55191
61930
45510
24762
68520
92447
61501
87778
10178
60629
86189
3472
51878
22027
64333
9756
61253
40560
71114
48808
74175
41856
82342
12407
56559
71725
96309
53806
11628
18172
47570
11633
58770
10852
85937
58424
51573
71846
85410
68435
66263
48418
44065
68929
91148
68746
77614
28183
38378
72405
74614
35229
66671
75794
75082
75269
88137
30704
40188
19194
14748
84599
33592
60207
17812
73561
33801
76151
68488
6719
75904
21673
70727
31035
93291
34793
25663
53425
26989
89866
10376
37834
91991
76825
94656
30677
42154
109
3165
39657
87431
40885
15434
28516
52554
65961
31481
11989
33108
85242
57099
35128
70676
38268
49691
95998
31885
18395
80175
96077
49295
51124
99702
98567
77195
23046
85283
64396
78756
56156
87701
31328
34927
73114
25621
62738
94126
88013
84661
22046
86038
19728
29279
85851
87794
88637
24003
43599
78406
96537
15018
12796
22206
4156
60726
98894
93414
11150
94114
87606
29991
12622
24373
31307
91630
65874
52387
35089
78188
92517
24528
55220
42150
50308
9985
52097
7513
99607
27912
75482
57180
58288
79543
49119
28001
74447
12451
33614
29777
60970
52526
53539
91162
32560
23924
81416
37094
21709
48826
30863
52719
88359
40791
63533
31968
28692
82331
84561
63097
62995
78583
81230
23834
69009
77858
4296
94746
69173
4765
73839
59777
96773
40938
5529
85528
20009
85626
76540
7623
79642
24976
97090
15696
57691
30283
32699
75056
96441
86710
79234
92656
51586
24789
66790
55612
15210
91696
67375
39271
13469
23593
74304
73362
46768
53213
83557
57903
29973
68838
91288
16701
12586
69301
51999
9389
61294
56533
35657
36712
23242
57080
21449
3766
15542
69045
93165
73346
12019
82812
12583
1316
44196
45217
99265
84482
7568
95192
79448
45431
94339
12725
32413
5811
32054
49857
43001
34075
22865
86060
35033
7497
7716
63076
95923
17024
35557
44337
73084
55762
877
11696
9004
98035
29426
76018
24363
90984
66378
98633
26511
993
768
63410
78915
38206
85539
19225
40011
17850
76696
57005
29027
74282
73502
27027
95011
39007
19620
75037
29119
70914
71950
31363
53187
64122
65353
2364
30166
91541
85152
50102
7124
68457
25908
69523
87404
1940
76519
45223
14792
98995
86115
13614
58044
39564
41830
77264
88385
63980
92610
46968
51151
57735
63920
73901
27749
30542
33470
97980
54362
98130
84572
48019
66791
63569
73070
33903
72260
78597
4914
25413
95044
97161
67003
20562
70321
55690
53563
92827
68368
57349
25185
3869
18144
4472
46477
14978
85027
9166
22545
63738
15417
92821
36116
20281
90594
10670
62260
1749
69170
48897
3813
25939
66741
86489
4665
7077
23837
54347
55427
9454
22907
70913
53767
43223
59903
25474
77290
40993
9056
67011
46674
1352
92324
98365
25925
30946
56122
12246
61344
80298
45413
41322
56294
69387
13143
8272
29890
4581
23886
16074
96814
59506
39859
97861
8162
37550
45797
70515
61987
6784
99535
90047
43263
44801
83180
40632
56476
81052
49749
9878
26436
7707
52468
47657
11646
88505
25734
19806
72180
73455
63513
24316
30873
25335
20659
99806
93665
68652
98714
89144
20880
86079
10250
80139
1618
91914
32402
99218
34241
21557
72278
54252
60348
79751
60099
54177
6128
4111
13766