41
191
461
3557
419
37
3673
61
2087
83
103
181
263
9689
227
859
907
11
43
131
47
727
1171
19
47
5623
827
269
47
269
19
5
43
271
17
839
79
983
1109
73
109
41
23
43
41
4831
4943
83
11
227
337
131
109
157
83
1201
41
431
37
569
2131
131
59
47
79
523
3
67
13
127
241
1889
17
4909
67
547
67
491
337
59
11
3
131
53
107
1249
241
2131
577
5
11
2039
839
163
37
9221
3169
109
19
419
53
3989
2039
47
6151
1063
191
17
113
997
3559
2
1709
2531
13
1091
1303
61
701
199
1297
3037
163
71
1307
41
19
37
271
197
1483
6229
101
7
31
769
149
1217
127
11
1601
1459
53
83
199
6971
131
1039
5939
13
223
151
5927
61
479
2803
31
19
9539
3463
317
5297
4679
23
479
71
2297
317
9613
67
3
8237
211
1777
7993
1709
401
613
997
7727
239
101
599
13
331
17
347
11
19
113
23
101
439
6803
2281
3061
101
131
1301
43
43
1621
8929
131
2903
7
37
1229
13
67
17
5
4001
571
23
23
4241
2347
59
37
1091
67
31
659
2351
83
53
139
3041
67
13
317
9293
37
7309
7079
19
6949
181
41
1033
61
223
3593
167
883
3023
227
29
97
4349
643
359
269
67
47
7027
97
79
71
97
271
7
59
83
127
13
79
71
11
659
1493
97
797
4663
461
163
43
179
29
137
263
4643
701
661
109
1039
8161
7649
233
41
1997
179
53
61
131
467
83
199
4817
17
5821
1153
17
157
2689
37
197
241
2267
43
3347
61
41
97
3221
191
151
109
1091
1621
47
827
79
7589
463
337
163
101
4703
443
4241
19
2389
71
167
7
37
1223
757
107
53
13
947
19
23
5
37
9929
1637
443
89
31
1753
151
487
293
53
2473
43
127
163
2593
19
467
337
37
7643
281
389
61
31
1061
109
1801
157
1789
37
7
1657
67
53
811
41
107
23
271
1327
4973
227
307
173
373
499
29
29
223
151
109
53
113
191
89
1427
1657
191
29
419
137
193
107
31
9631
1423
19
317
761
11
4793
3461
1637
167
809
109
47
1123
1721
73
113
61
83
191
79
491
317
673
13
2837
2477
379
521
97
131
47
31
7489
3
107
1721
29
4133
251
127
59
2003
181
19
47
2221
3413
1777
43
11
23
1483
199
8707
41
7
19
59
353
103
223
43
17
19
163
3413
2441
1013
23
29
173
877
7
1579
3881
743
4007
439
37
727
59
1423
23
89
1103
89
47
523
751
53
193
563
4567
29
1553
19
2719
113
9049
53
5693
7
107
421
1279
7
89
6257
3539
3163
829
6133
31
2689
839
29
6143
359
59
449
269
6217
89
4363
503
59
379
3119
283
4987
157
71
8389
173
31
199
73
4259
59
677
89
1291
31
461
37
349
701
71
2
353
59
71
701
131
17
2557
223
619
17
349
739
1409
53
113
233
2311
617
3061
1951
757
29
5903
53
11
211
463
491
953
53
67
23
79
5
613
19
17
41
1009
29
13
3137
179
1471
1667
97
71
17
367
1663
53
7
163
23
617
1951
3767
229
1873
113
7937
71
53
347
109
1087
607
19
101
197
19
4657
89
19
2347
179
139
13
941
1951
157
31
5
3169
151
1789
229
421
29
31
307
47
1231
157
11
41
1459
1787
787
167
9013
2999
53
79
41
89
1787
401
383
227
61
131
47
149
5
859
2879
1217
647
29
89
13
983
1567
67
479
439
379
4219
433
79
5
1069
59
67
827
401
521
8269
71
97
1973
3
647
619
1783
23
47
397
23
23
9463
73
23
47
1381
151
109
857
4339
83
439
439
379
397
97
6053
211
2437
313
1373
1427
283
131
19
1217
43
1667
37
11
103
433
379
3413
1811
19
53
191
67
1901
89
11
31
313
13
47
211
89
283
2459
31
37
73
1567
137
61
887
211
41
1223
43
379
4289
109
3643
1471
1787
317
223
13
29
193
349
947
347
1609
733
103
3833
151
241
449
5
11
971
29
683
3079
79
7523
5
19
113
127
43
4973
11
61
3257
853
3571
89
47
23
1747
157
11
17
6379
569
113
173
11
337
2371
3251
2137
103
3209
337
131
151
47
2939
263
6337
47
23
53
137
193
1667
463
59
8747
19
1103
2647
2309
37
3847
151
29
1871
97
347
83
173
173
109
11
307
977
59
73
97
521
29
8311
587
7
953
331
5407
827
23
103
13
4423
11
19
53
2729
1279
3137
23
131
61
457
17
73
61
37
953
743
19
659
523
89
317
263
13
13
3221
97
3167
8059
97
151
367
347
23
109
79
109
61
239
9613
23
167
181
107
367
1019
4483
37
1511
59
1063
751
269
3
67
563
1171
5119
757
283
8719
89
53
239
1093
2089
463
181
53
89
97
67
127
389
277
43
157
83
3167
23
491
2837
3499
239
8689
43
8597
4051
53
9067
191
107
149
71
139
509
6199
13
401
101
61
31
13
19
283
61
383
19
5581
631
457
269
97
3637
1327
797
607
271
179
31
739
101
23
6421
251
31
83
3
2797
1063
149
3221
1471
2039
13
4027
41
19
103
1753