76679
491
47
12743
107
337
479
54323
1297
1201
20117
29
151
251
727
401
5843
107
367
2503
383
197
67
88069
101
281
78307
12163
26171
163
1129
193
281
4931
98887
89
173
1621
9733
197
17519
379
6961
1301
107
89
107
23873
1657
71
12433
449
139
2027
1013
1039
19
109
29
26017
79
62761
2741
929
4397
233
4817
557
7759
41
28933
137
983
2909
307
29867
52379
8233
499
15607
18401
1091
467
49697
311
37
9421
691
443
1021
53
3623
2029
1861
59
71
5417
79
2789
139
10321
5077
211
79
3461
2749
1229
101
61
293
13121
337
32297
31
211
373
509
6959
5003
691
293
797
40529
99089
373
3697
27901
463
3469
19583
379
3067
5683
47
1597
2447
1481
67
17033
89
401
491
431
383
1753
5051
461
67
601
751
31
3989
2621
907
10651
23629
5507
23143
32749
3467
5531
383
2393
1627
53
1433
131
41
233
179
4889
88019
263
86323
683
197
1117
1237
12377
947
17551
2543
239
1867
293
191
421
701
37
53
19
47
3631
16187
1951
2617
73
3037
9547
31
353
44537
2861
13151
211
14173
229
7487
11
139
15107
617
91733
397
11489
51973
521
24917
73
1787
1483
5
64717
13331
1423
13127
17077
10711
76283
487
151
149
1553
157
647
2423
863
457
31
11251
199
449
379
2141
98387
197
101
15643
1123
107
419
83
15991
3557
1153
211
67
91631
89
179
43669
22051
601
7549
151
18973
139
11173
28181
3797
21379
173
83
43
67
13457
19441
229
193
11597
1489
193
23497
1381
71
28771
7517
23
191
2281
3181
9929
11699
31
14071
937
43
8039
6689
6481
331
241
1193
83
719
11471
95803
71
1777
11273
151
24859
281
827
1423
757
211
97
389
17
701
1543
15923
18451
53
929
3539
181
29
2207
1051
109
401
3359
811
5849
13931
1637
3911
28447
5233
653
89
11
79
1709
19
971
823
72817
947
23
3119
22907
27281
1571
211
1999
691
547
337
19333
269
5557
5197
1163
5
907
41
577
47
43
1523
1109
5647
293
3833
857
3989
179
163
2531
41
3469
1297
13367
1031
631
22171
83
137
47
541
257
113
139
2851
127
569
1259
79
337
467
103
6067
1031
383
1451
4793
307
239
683
2897
11471
17401
503
5741
12433
269
4999
313
8009
3259
491
2521
13313
233
47
4783
739
7723
163
7121
83
521
929
2939
23549
31
347
4001
167
2111
53
6553
991
2027
1093
151
43
1409
7207
113
1181
193
541
727
19081
89
3637
49789
439
479
233
36713
18089
32797
61
31397
1109
1451
79
7
19
13049
17
3571
173
10691
733
97
29
4357
36973
271
2657
479
277
4597
107
5
2423
139
1663
30089
71089
46589
34483
3049
7
37
2377
37
2347
257
137
79769
45179
70823
12107
41
227
57269
239
151
577
29
3571
43
1171
1483
311
90481
113
599
19
15287
659
61
673
2543
599
907
131
4957
59
709
2351
2243
151
83
4547
1973
599
2339
6379
89659
991
1447
193
193
863
1249
367
7877
947
6469
44797
1459
3917
1109
2087
1279
317
1279
223
5527
107
587
107
643
95231
643
2539
311
983
10399
1019
2473
569
4177
1181
257
17
37
2039
761
419
127
89
491
32371
197
397
2777
1277
349
6037
16903
829
1483
13
13619
97157
23
28439
157
619
7247
11159
2549
223
227
1861
23
457
239
673
89
6469
653
587
8731
1373
6337
9907
6703
28843
6661
31
43
401
1091
87253
41
9239
151
21821
463
73
167
17359
29
37
59
4637
13781
2851
15959
4931
6679
89
587
421
13669
16139
13
40543
7669
379
7907
1069
131
157
18149
2029
13183
10453
15809
2417
3121
23
547
10301
821
47
163
53
577
19
173
5113
193
1979
53
25999
491
24061
883
181
17551
29
23087
11443
97
11
16417
569
443
1493
59
9127
2141
1483
7867
619
509
23
137
77041
61
1613
419
97
4241
1373
75269
12409
2239
467
23971
211
521
47
31
44123
57389
239
31
7649
199
18077
2801
16363
67
1129
419
157
59
94999
139
8179
457
61
587
359
401
503
54773
37
359
5521
887
439
2371
8747
87623
97841
311
21701
251
61637
32717
2293
443
9769
59
8867
607
73291
1031
61
12109
8837
30553
2243
29
15313
113
373
541
1429
13687
311
12553
16273
1553
21661
19
79
12379
797
1181
139
14449
1877
311
71
6047
4051
401
179
39703
443
89
19507
3769
13367
389
1483
163
149
3229
69709
131
17713
2441
113
241
6029
709
467
179
19
37567
137
6577
107
739
2281
43411
197
59
16633
19
271
16547
8311
10883
293
2843
401
151
1303
859
839
107
613
4933
32159
631
94513
1567
251
193
463
59
89069
83
3023
4759
5179
3779
28349
1381
2011
593
19373
1481
283
40933
11287
13627
29017
977
991
311
41
503
239
269
7187
431
94321
499
2657
1151
10771
479
631
181
16139
46219
29921
173
17
4567
29
761
79
439
53
1031
57649
617
241
5573
2749
13421
73
91463
79
709
5857
19751
1861
101
83
1117
263
521
69821
47527
1901
19387
3347
2293
31
8447
227
479
43427
6029
5003
41
80429
499
277
3767
5021
38287
1259
461
2239
313
1999
103
53
227
19
1093
13687
2221
2693
2683
47
683
6131
37
33317
63353
41
2731
85627
1153
101
223
137
401
29243
271
1901
709
71
739
82727
1319
2593
251
1613
4919
9743
137
4889
433
6257
29173
1697
293
5003
571
397
223
2749
89
491
7433
173
84377
439
173
1877
1597
109
797
2447
79
5417
233
761
397
199
11887
97
3769
73181
2371
1783
7321
9631
23
3457
14869
967
101
5521
443
3167
44189
10427
179
7
733
3833
6353
2791
28661
241
1021
5849
30841
1123
619
1429
179
18169
12161
509
937
23
107
89
5711
8291
23321
197
641
1583
149
79
89
31583
59
7
3079
971
27527
18593
1741
443
1427
13
5323
1151
29131
197
521
347
11
359
107
20129
211
1361
42409
359
2129
7321
6469
43
193
25951
1277
53
89
11161
709
4409
179
10651
23203
257
1319
2333
173
4007
8819
137
769
12841
79
15817
619
5867
71
17863
1907
36847
3823
607
101
2549
419
31
509
60719
8933
73
281
137
2549
317
4793
89
84499
84869
151
14207
16981
109
353
4517
1303
9787
1033
173
257
197
467
2377
503
1163
137
7
4877
89
24239
239
37
1993
61
16349
11731
5557
229
277
23
67
28411
8447
43
47
12821
59
151
6229
601
30029
3889
1523
4079
983
53
401
73
23
1279
251
12967
3547
6263
47
107
2131
1553
257
23143
487
44071
151
5953
8839
11
433
5333
179
4909
16451
71
293
6229
28961
1571
919
97
2887
113
57853
89
1279
283
2503
307
16657
8147
1487
42703
1973
3433
96053
14407
15083
151
613
7211
26293
50599
3221
4787
7129
13523
89
53
17
1129
137
4481
4519
337
131
271
4447
2081
4567
11423
79
991
151
193
23
401
577
163
263
359
5399
193
13
19
59
1847
16747
23
1429
1201
457
73
19
193
839
617
617
26083
277
73
1093
733
6287
13
9491
14057
157
757
179
197
947
1301
157
11801
181
439
59
5153
73
23
11
40697
31
751
271
727
839
3943
191
26449
19993
1637
19031
15053
277
37
17
449
24061
337
443
22651
1283
1123
2903
31
1109
953
69761
4703
9719
17
757
23
673
49681
181
1093
103
1163
197
12899
89
2383
181
8627
1061
311
1877
2113
6949
79
167
1931
4231
3823
53
1693
167
71
32887
557
3803
2719
7109
5939
2887
911
113
53
1103
103
21701
173
131
2341
4051
151
1733
73
27799
293
11317
1013
167
97
881
431
19
17299
599
7393
349
2203
16759
859
7823
4783
349
19289
557
1583
67
35837
229
787
3
13267
2389
2897
431
2131
239
1307
239
11059
239
11
19717
223
12289
229
149
19577
2153
13309
13
719
2957
10987
293
3637
41513
109
1013
127
197
173
45821
1789
7433
587
173
73
241
359
2819
83
13
311
1327
69557
503
9437
3119
1613
27581
1789
1259
829
431
769
1481
6067
30949
4481
1867
1063
20879
149
47
7
809
24029
101
12073
28927
1297
45121
47
613
2971
2357
137
1913
83
56237
1153
593
93187
751
223
2621
11447
137
30259
5443
71
547
7237
52517
41
7759
157
5779
19
97
96331
151
1759
1277
127
1297
15329
193
4357
63533
173
433
631
617
131
57413
233
313
41
3137
337
139
19
257
2963
751
823
47
97847
137
97
601
2153
83
137
71
10559
317
69809
487
167
11423
35923
647
41
499
137
167
569
1069
673
41
47387
863
5471
4903
79
853
281
1033
28279
4517
1093
9199
21701
269
277
1171
2153
24317
23887
941
12853
317
4591
11
631
8521
41
59
1481
349
167
107
59
80369
139
1103
571
19273
19
283
18793
151
5839
67
877
859
821
15661
227
139
1301
2333
71
619
3299
101
433
6701
601
3709
131
1733
857
6067
1553
2539
229
157
38239
27011
167
23
93493
4967
3011
1433
14177
3889
61
20939
113
61
47287
811
599
4621
16763
2969
739
1223
677
43223
229
1151
73
3331
1123
743
47653
37
16843
1109
107
1459
977
12577
17
241
3593
43
433
487
4079
97
71
541
601
373
3169
569
47
30557
359
263
2269
331
66629
59
787
16007
331
8447
22369
131
1483
443
37
701
89
443
373
5749
4871
997
691
47969
96097
439
79
179
41
2503
157
911
367
2963
4327
1097
4219
31
5527
3511
173
19
1061
311
13249
419
683
887
239
24989
181
7283
467
28687
23
773
233
1319
257
199
367
63493
149
4217
619
257
7927
4363
3943
6883
487
34939
28499
337
1213
601
40253
53
167
21739
13
1223
23
73
97
5387
1277
163
229
653
2069
433
42863
2837
149
9013
19259
379
19697
401
97
33349
6121
3
1031
12239
1439
4243
9391
3347
17
67
29
251
3323
457
419
1979
7691
12049
95131
1609
709
31
277
34183
2441
6451
61
44963
193
71
2851
107
46559
3121
137
22247
7649
19
1013
2767
227
29
3541
43
743
433
5801
337
5501
31
167
677
2039
21319
1637
3019
257
233
19
3671
641
3187
127
43541
73
109
173
1741
95383
331
131
101
2393
4691
103
103
83
191
11
59
223
563
521
1153
8147
487
3559
3539
8117
379
9433
541
24247
631
73
1319
35069
1553
3529
17449
17
821
12697
1367
193
107
11677
1051
35747
673
18973
863
20899
13463
1123
317
419
1789
35159
6317
2083
73
61
8647
1483
113
17747
3539
4457
499
97879
2543
139
5443
349
1367
107
2437
1889
223
30029
5077
11
1543
3823
1409
4663
67
43
151
19
719
101
29833
179
13
1499
23
21683
3089
239
37
7297
31
20983
109
29
15413
26111
1693
523
71
443
85061
2707
97
239
3677
503
863
21221
12203
11279
647
38707
199
53
109
9013
29
131
14561
89
14629
11
62351
821
2897
61
3499
239
743
43
13751
23
43
11
1487
113
63853
24019
281
3011
181
2351
433
83
367
2333
79
91453
10177
7717
29
523
127
4231
23
21589
373
11287
80933
307
1051
263
43609
19
157
3373
34351
49463
101
179
10859
101
149
1181
41081
1709
16633
431
2957
11003
19
257
24917
3931
43093
179
313
1279
29
29
1301
751
37
3119
21587
23
971
24877
8069
113
797
4243
97
199
14461
233
127
1181
757
43
71
83
11311
20663
1847
53
541
14083
5849
4931
1657
10357
83
107
15289
239
83
1973
11257
883
3881
419
1571
139
53
647
59
75013
31
593
89
4567
21391
2251
271
10103
17209
59
643
1201
127
607
3209
2609
1237
53
53
1087
181
41
5531
43
283
379
1399
4663
45641
2297
97
947
1319
151
61
181
1579
21419
3181
431
71
23
9293
43
3889
7001
127
8677
31847
191
7691
46471
12377
431
13339
4723
107
28279
773
97
37591
2593
51203
1543
163
8807
8737
7687
739
7
17
1597
5
37537
4079
21023
61
331
99929
97
10343
4283
3041
1439
19031
41
4051
193
1319
409
571
2633
251
6779
3803
83
797
523
761
1487
149
239
9059
1237
619
431
167
103
151
31
19
5849
1061
439
4493
2473
569
2819
1171
19727
7
18397
409
15761
983
20663
2791
4019
233
157
661
13
137
29
733
103
157
211
163
2609
179
80629
79
1571
7307
5791
89237
89
8629
3137
307
59
53
331
47
5897
311
193
6679
107
23819
37
2213
743
12343
191
8929
43
12149
2153
167
1319
89
2251
2029
157
557
39161
109
3299
211
23
827
31
233
8387
5693
101
197
137
10093
2557
1109
277
6269
1109
4157
88019
6791
1277
197
8369
80369
79
61
587
127
4621
127
401
193
4877
3863
41
1291
22303
10247
31
1019
151
1117
23879
14419
2293
10141
79
3919
13963
191
12941
10799
43003
11897
769
479
1051
431
31
149
1361
47737
11597
98317
709
5851
12301
587
2399
191
857
263
419
7
22859
269
43
7177
313
19
157
859
95857
2347
223
191
68531
661
26153
18671
523
41
1019
1087
89
211
1543
15139
1321
12203
23
61
1297
173
1747
2089
10657
97
677
1531
163
59
38567
1693
1453
353
191
59
89
19
45943
6653
197
3881
11321
239
29669
6977
23
67
31
9883
12373
37
3347
499
3001
2083
251
18539
541
181
6203
2389
1327
4723
227
23291
571
13
479
223
419
61
23
71
239
67
191
18059
73
23
21617
163
163
739
14627
6073
7583
1543
509
79
43
19469
1483
19
19
97
4127
47
181
8087
503
2281
11003
53
67
1433
181
127
887
641
2521
14759
181
311
1019
14107
1069
199
1447
6007
311
967
251
64609
197
199
151
1873
911
1627
37
2267
7523
241
277
19009
2089
149
83
149
1279
131
1181
4423
12413
83
131
1609
17
43
89
1087
1867
97
4637
11
191
661
71
2357
103
919
367
3739
11597
53453
977
46511
3767
48647
647
46273
41203
3407
4177
1951
307
17
47
107
19
19583
167
20107
17
601
827
467
61
24821
659
461
673
3019
2083
241
21187
631
8699
9007
19
7937
431
2689
45553
61
7759
197
26953
439
3361
193
2677
24181
19843
9803
397
181
211
12763
1123
6113
8161
163
617
79
73
4591
3527
271
1103
79
599
2711
40493
73
101
16747
92791
11933
1511
263
1063
73
227
59
53
1811
28111
23981
17
10937
463
709
47
1439
787
2347
39139
569
1699
10867
223
1031
47
2113
47
37
14669
367
167
2081
449
20443
503
9929
197
419
3821
149
431
2081
211
257
3187
131
73
10723
43
5749
2579
11399
1721
149
433
27031
2459
41
12073
3187
101
43
107
25849
37
947
59581
7
12569
331
569
2551
37
167
17
383
38747
87541
809
71
3919
15607
127
43943
449
149
463
967
1823
2383
13
197
887
8803
32029
1447
67
107
30169
2617
127
257
1013
61
113
163
2207
3617
967
8089
61291
313
137
2851
47041
1307
149
4159
101
457
76913
547
1307
8627
461
6151
5407
139
38069
443
131
337
19469
569
577
5261
43
3617
71
173
37
197
19843
179
1741
613
263
34631
109
157
311
12619
14087
3671
37
17761
593
293
15427
2083
79
331
229
17317
479
3449
11047
59
3769
127
3719
487
43
107
103
58231
919
19
19219
11
1091
5153
3823
199
3257
1579
181
9007
293
241
25673
9049
2549
2647
149
107
19
48383
59
211
43013
139
8363
7
1009
86341
233
67
463
1993
43793
1481
401
719
1997
73
139
353
29
227
601
431
163
337
59
977
739
211
53
653
131
84659
61
41
87517
97
3881
89
349
29
7
14771
32027
887
2011
41
1231
127
46771
71
47
2971
373
1789
53
2441
2663
1571
67
2207
997
47
521
7
41
29741
23
7559
103
131
443
193
181
859
27283
223
29
59887
337
15661
1787
311
30839
101
2137
89
479
82007
379
84313
6679
1787
887
29
23
337
167
43
191
1607
991
193
2851
173
20129
87631
971
11
1049
24223
21493
47
11
827
151
65633
107
19
677
139
907
67169
21863
887
4877
563
37517
7127
2707
33191
29959
17581
809
139
379
157
239
6857
97
27283
9491
6269
277
10567
17
541
59
139
7883
293
653
23
53
461
49199
139
98419
467
13
281
6173
739
619
193
1423
101
44201
73
1327
8963
769
577
229
2797
97931
32779
457
13577
10301
79
151
7621
21499
479
82591
2447
8069
4973
139
1117
1723
11
821
33739
1439
109
3527
7487
6079
42397
157
197
3659
151
457
2411
4021
6079
107
61
223
7349
2683
74891
509
1091
4993
7517
37
7151
3271
17747
19
17
47
4261
277
7499
71
139
14143
92551
5
2213
28541
47
179
1117
18457
1579
2689
193
101
409
773
1721
157
307
631
2741
29573
19289
2657
3019
127
31
54493
11119
12979
1013
3067
17
2861
3209
617
109
71
5107
11887
4999
941
137
21803
17791
719
77773
37
431
16067
59
1171
31091
547
1091
101
199
373
1279
211
131
7691
401
13063
107
2017
23
1423
23
53
317
179
7207
13
7
433
31
769
10487
8009
109
7583
29443
20173
19
57947
14431
439
2887
6229
16273
2239
8147
53
4523
211
7583
4643
283
23357
17183
8387
883
79
233
6211
101
127
311
44519
2689
179
48079
8389
53
9187
5869
5441
449
439
2441
11
5393
359
331
47123
37907
43721
18713
887
173
5087
3767
7703
919
79
137
4691
97
34703
35677
571
631
193
2939
83
277
59
311
503
22147
2129
659
601
257
41
47
32579
67
11
229
9787
2803
677
7
6563
23
1303
593
84991
43
4007
8287
113
337
23531
42853
79
103
4637
83
257
11821
79
84691
15413
37
4549
7211
257
16187
15077
227
457
2909
257
11
69233
881
31
10457
103
1721
353
449
173
14699
37
36913
72707
29
3943
43
857
3229
77351
499
16661
23
173
2819
13789
113
29
89
38189
431
401
67
5279
9521
89821
443
53
3739
10079
16267
9029
53
31
41
1217
37
397
1583
1009
12071
31
1381
709
76607
31
433
839
281
947
6793
4651
6551
883
12853
5521
59
17471
19687
10079
79
277
773
223
11213
70853
277
83
2713
1301
6361
29
1409
73
1583
37
19
34231
263
47623
983
2
2557
20939
127
139
1291
239
7
4027
1637
1051
1709
127
167
1103
2333
7583
1697
11981
17789
4447
1249
8837
193
23
397
149
41759
103
113
457
2221
349
79
3709
743
563
1013
107
3019
53
263
15923
577
1229
1129
101
1153
1499
1109
269
641
181
1949
71
42491
41161
41999
2333
53
431
45491
181
19
433
89
6563
1951
51899
479
41687
13697
577
2063
3643
31081
331
1091
27799
14489
193
181
1783
101
1381
137
109
277
271
59
337
61027
32479
859
23
1091
45121
59
37
6841
3461
53
43
4987
3001
16033
6397
73
62801
3697
421
1201
1621
107
967
263
751
293
173
331
613
197
30631
353
1511
3673
79
19
4679
15749
103
10987
61
59
61
419
59
83561
46489
1303
50753
167
47
2473
41
101
1789
6397
2081
47681
1009
1693
3637
223
3041
15923
3833
547
181
4519
14713
6359
5189
43
92459
61
127
733
139
3203
19301
2269
2389
599
1759
88771
59
2477
1531
41
2857
659
337
811
4241
23087
8329
739
4793
43
479
1801
2393
1103
9371
84533
193
2251
401
2141
8893
71
59
79493
373
241
1409
829
239
479
37159
101
3769
7879
821
2749
3191
1277
2713
773
18133
4441
107
353
4241
53
269
3413
41
373
4547
73
197
75407
887
30577
2549
7013
43063
18367
197
727
607
89
26737
70951
3079
19
30881
2179
47
7669
337
4507
3733
11213
9769
5641
937
83
83
2237
263
4253
307
367
4999
53
67
467
67157
43
30161
179
157
157
3559
59
79
263
271
1637
7717
383
337
157
5197
113
89
67219
109
34963
5237
127
3769
5189
89
48179
1997
2477
809
4007
9719
3257
1489
251
199
179
397
43
109
37
67
44549
61
8699
353
21841
29167
1087
2029
193
73
151
1747
73
311
23
89
15331
139
443
167
311
2963
107
89
199
23
107
2293
1621
29231
8527
40213
23
9551
23
13
9227
53
12547
23
29
271
109
2777
193
137
21911
67
44657
163
4549
63599
17
49663
9941
61757
53
173
421
17093
659
13457
6449
1567
1601
7
613
167
809
233
1427
1019
193
881
21101
67
22571
31
421
59
191
241
5051
1433
14827
10337
149
2081
373
271
673
2687
137
2633
1013
3671
17
97
20549
61
1549
3583
257
439
9343
233
101
733
739
1327
14083
1327
31
13513
673
109
2791
23977
223
269
47
93377
1637
41
28661
7
463
7817
151
4637
769
3929
89
8527
179
15161
97
2549
8713
7331
827
21521
22871
953
37
31
1601
71
907
41
317
83
733
83
941
73
19
3769
38177
71
19661
311
17159
229
26029
1487
409
1217
547
7
7727
149
331
193
967
83
11593
17909
32203
51473
17
11
571
173
69829
89
1933
10007
139
2593
1847
1987
607
5557
3163
79939
1033
97
557
3833
211
797
3257
137
1031
67
331
3121
26821
313
19
31
29
31177
19
6067
3271
263
10463
16189
38629
89
41
3539
1747
853
9791
5387
367
263
23369
3691
883
37
283
3919
233
3079
2971
811
487
37
19073
373
8861
32303
389
1213
257
211
43
151
2029
1847
173
1811
443
1327
811
617
1429
647
13337
521
149
311
347
4483
2699
439
19
127
719
26861
823
181
23
109
1723
571
47
719
73
66377
229
47
23
17
22171
82837
149
52567
617
281
4421
3253
439
71
257
89
4861
8951
211
6427
619
1901
127
13
569
479
617
1019
11
197
199
397
3119
2903
2753
101
2659
7
107
1093
149
37
11
7669
3
20287
233
113
6571
10139
359
719
6091
53
3067
1609
109
937
43793
179
7211
52313
59
467
2287
353
13
937
16661
347
229
2549
8069
461
1697
44497
1663
5939
19009
73
397
1153
977
1447
397
39953
86719
3331
43
757
673
2689
349
4787
359
877
137
709
15199
23
1321
23879
149
19
283
293
227
6089
2179
73
4357
641
2999
4889
14143
3767
24247
587
257
2411
7817
3607
7451
359
149
283
971
77591
2111
173
53597
61
2351
491
53
17
349
29297
33791
67
443
137
16007
1439
44819
31
29
38791
647
373
113
3299
8837
1627
2141
2423
43
67
47
8297
35401
32707
157
173
967
5749
421
11087
547
281
601
103
251
19571
17
223
313
9631
739
709
53
139
4261
4679
90731
19861
74759
193
3583
353
569
601
1229
13
251
1303
17
2087
709
47
5743
85037
337
5113
2089
317
89363
8731
2671
12743
379
29231
283
1783
1531
131
401
58657
6037
3163
107
197
5
479
89231
6011
1307
967
751
8291
25609
151
2633
28687
2333
127
163
19
83
197
1733
1873
5623
857
43
14737
31
523
269
157
12637
59
5407
379
179
6451
647
1213
673
251
10069
3209
239
8093
83
977
283
397
17
349
18143
179
10141
41
16481
751
2927
131
409
827
13159
79
41491
101
347
61
101
457
197
331
907
8581
34919
5237
30557
401
2437
7573
83
233
17321
8243
5
12347
31
227
1091
181
397
311
61
25073
829
13
131
1483
151
151
89
1879
419
1009
683
173
4547
239
2141
3433
3943
96799
199
6691
127
16981
109
131
1307
4157
223
2963
211
211
811
107
2917
43543
26669
563
50291
127
163
10181
173
523
5581
79
269
197
95971
701
3449
19
3391
61
2113
157
443
1297
16871
8761
199
3271
20897
317
227
137
26119
42569
26003
919
1279
14747
5431
131
83
14327
59
277
113
89
71
179
4463
263
307
26881
5153
937
9341
47501
68737
95369
1697
4909
19
1637
83
10859
5743
7
3701
577
103
617
103
1951
77591
67
3659
19543
2003
1499
30517
617
41
919
2281
11833
619
887
4567
181
1049
433
263
8963
1063
617
41
33331
389
1291
2
71
463
421
251
17
1667
59
5897
167
59
283
83
59
983
179
761
109
17
12889
5
17827
47497
23
97
13
929
12377
9473
139
16427
41
809
2797
829
67
83
173
683
1031
21661
71
39139
10357
2753
2221
53
2251
3217
43
5209
5569
647
89
421
2393
191
269
239
281
101
227
7963
73
227
101
5843
2029
31
6841
2693
10789
1009
83
6917
1237
70507
41
167
18329
4091
421
8641
397
1051
1123
29
191
20431
167
467
853
82651
7873
63127
167
97
149
3217
2423
151
9907
599
101
18451
79
22111
85411
71
859
19841
281
457
2297
31
61
263
13873
257
89
1693
199
6367
79
33739
5657
43913
919
28549
13
37
353
29
103
109
69263
37
4327
43
31
541
293
4721
1123
113
79
239
409
797
3329
1621
137
97
34897
9001
439
83
50741
4057
29881
2311
953
97
653
61211
449
389
821
25759
4483
239
137
271
433
7177
76561
2347
16361
6841
7219
82939
47
193
181
5869
1667
167
127
53
139
1171
313
89
19427
3217
373
151
4339
85027
18839
17
2281
13037
401
383
4013
4021
9001
29
10723
1531
337
947
25667
11317
15383
59
91939
61
107
1429
1201
587
11839
3407
6473
227
22727
1229
239
461
223
229
1217
37
409
653
24133
8999
937
139
617
2741
99109
35291
18757
181
35983
41
881
24763
13
2111
8377
5
227
857
68071
10099
14207
27893
181
313
61
293
18143
257
127
11839
607
23203
647
23431
17
19543
593
2333
349
8161
10177
3923
11
17231
17683
4073
4327
587
443
131
49711
42557
18541
83339
41
23
7
379
1571
22447
18913
37
149
193
2281
557
20507
61057
181
2953
541
547
53
827
163
48731
397
809
163
139
23279
233
919
599
37579
1871
163
1993
28477
293
107
251
1553
43
95603
251
149
12547
5
1609
4787
31
367
23
31
3329
2719
157
6793
41
101
53
1039
4517
271
401
103
1213
977
101
7517
347
443
179
643
409
16453
5869
64109
353
1181
487
181
617
101
293
26293
701
4703
18041
409
827
433
9689
139
38201
41
23
71
69467
23
11
80491
521
3061
17
571
17851
1453
7867
331
43
66947
1013
47
21487
113
223
157
13
373
83
4253
73
29
2539
43
2371
21221
71
95317
84463
2437
101
401
2221
1567
37397
257
9857
65951
419
31
83
29
251
55843
7
127
383
7673
211
103
31
421
23399
3917
67
557
83269
41
103
907
2267
251
3
3001
41
3191
271
101
19
367
8287
6121
19
79
17
2473
89
86341
29
191
331
211
139
683
2381
43
41
36809
617
1423
73
19
24709
379
61
2039
631
78553
3257
127
2003
54091
23671
317
457
20789
101
457
1187
3347
59167
1847
211
199
9187
2399
179
18217
97
953
1109
13807
109
223
84457
3929
41
13921
29
4211
211
37
7001
677
83
179
149
983
1433
347
43
1811
9467
347
103
163
83
419
419
661
79
521
19687
4139
3
797
85243
9199
11
67
3607
233
11969
797
9059
55819
19949
94349
151
3323
46589
29
1093
2777
211
7841
68993
661
71
5431
67
271
293
26839
29207
47
8513
30197
101
13
25453
20129
997
11317
359
163
20947
15739
74377
1307
107
23753
22811
4019
347
51907
359
6073
41
46829
281
1117
23197
1567
953
23029
68329
1451
16729
2833
41
953
19891
103
10973
149
233
1291
24391
389
1907
18313
5197
1327
37
349
6143
59
23327
197
409
31991
733
449
401
2521
6469
50671
42461
563
151
1249
1399
709
40031
227
59
12433
43
13337
23
10247
673
1237
4561
4007
6389
14489
41281
3541
2551
1867
2801
44159
3511
509
25087
139
28279
5011
107
31
1867
1699
6571
23
8539
601
109
47237
283
14867
97171
11251
15551
491
31139
1597
499
1559
1483
293
36037
15193
881
773
37
3361
367
21277
229
11261
113
293
761
4409
11621
409
223
409
3137
389
197
73
241
1289
683
29443
9349
20707
1567
691
2129
13921
2207
1567
61
23
919
103
11437
3607
389
3023
9661
227
6547
757
1109
2731
337
139
89
313
7369
1063
181
36781
23
2389
28793
401
53
613
2917
4973
283
28099
19381
199
541
733
18077
397
457
1423
1597
7591
29789
34273
2557
2203
31
1301
19
1109
379
3389
449
1913
23753
11
1993
829
1063
1601
79
3319
5153
199
17597
733
1097
99859
317
2131
389
10477
383
137
7669
103
827
29179
5303
241
571
2903
9277
5827
9173
307
1399
5483
151
26591
87697
131
12829
75169
131
283
373
12829
883
233
2719
97
6547
17
8629
89
44531
3329
199
349
199
97
23
29
137
739
2417
349
677
21221
683
2017
5431
86111
313
131
173
37
389
4871
98561
47743
28867
73
59
8171
659
43
22961
3461
101
239
1979
43
15791
1033
73
9007
2017
101
2351
12263
12641
2633
1753
433
811
1697
181
79
113
103
137
167
27529
683
89
21491
199
113
677
2837
9041
4517
9539
769
5569
36107
109
2347
6389
593
2267
22807
83137
239
61
28571
1069
541
569
2437
26177
227
3697
127
3121
109
233
953
19
47
1459
127
1471
269
677
19
269
97
73
4993
151
67
41
367
19
11519
349
211
22639
313
4721
13121
137
1487
14479
54037
1549
101
3083
1949
79
1069
1447
11617
137
167
31
1303
521
67
77617
461
23
809
17021
257
4721
1181
97
49277
9043
4079
313
491
23977
5557
59
839
3467
1151
127
72019
83
227
137
71
643
1097
97789
3137
79
28879
1193
947
1117
11789
85909
383
6379
1049
87739
12841
347
15377
953
53
127
97
1483
29
5
149
19
271
16363
83
199
31
1601
67
31
19163
907
6701
43
9257
3851
1277
1373
101
2089
35081
26261
311
28867
83
47
647
89
137
457
359
61
23
11617
197
4643
41
19
2887
15131
16333
59
29
47
5897
19
7121
30839
3847
191
1237
941
353
53
9133
31
503
3607
1217
1093
89
2711
53
461
3391
30631
61
2969
4261
23753
63247
199
5449
8419
43
23
2551
48281
6679
53
103
32839
31
127
127
71843
653
8171
137
173
2293
223
1481
4723
1307
101
311
1663
661
181
151
43
1721
1951
5653
43
1933
74257
151
149
17939
57679
613
113
233
1051
2719
22147
193
673
67
2927
127
38959
569
577
9293
89603
593
93557
5653
163
59
673
5647
67
84463
197
3023
3943
92227
433
13
127
43319
1187
137
151
39191
2437
79
563
2861
2297
67
1949
29
9769
53
97847
1511
263
47
787
547
35729
257
13183
12277
5923
1031
3967
13613
29
281
787
1499
41
53
10739
4073
101
311
43
8581
3331
2267
293
4547
83
457
643
4283
2243
971
61
16993
4919
937
3833
239
1997
367
1051
109
31
14561
43
6151
96787
467
691
16231
2087
1759
2381
3907
641
93941
5483
17431
1627
1579
89
15271
263
113
463
87041
227
139
5059
359
367
283
211
27739
197
101
2003
271
47
101
61
3083
193
661
99713
6793
661
661
2903
157
3221
29
1553
239
83
311
8087
647
1483
1129
29
83
6659
1061
569
823
353
127
233
3671
1949
1279
211
2417
229
71
67
257
31667
1063
431
7
3691
569
9511
8627
20101
71
443
197
6163
293
11213
11483
28027
409
97
1187
719
379
7187
563
743
15737
373
719
1429
11
79
46381
137
137
73
6883
227
173
523
911
43
17443
233
131
47
983
10181
409
181
43
72689
3037
31
13
359
239
12577
37
433
97
41
349
1483
47
181
2069
193
89
53
22481
269
199
4621
10159
197
1447
1033
317
19
677
23
31
251
40927
47
32237
16787
1103
911
179
257
23099
17359
569
2269
37
37
6073
149
277
83
73
11
74317
1201
2647
1091
18661
10859
3331
5683
239
367
77929
1801
1979
24439
3631
4021
23
53
5591
101
809
58733
10399
251
463
349
37
191
811
11423
941
39971
197
359
569
83
739
10903
67
239
37
2927
709
277
3373
97
58979
24659
307
83
83
47599
827
313
8123
21017
383
8231
683
14207
773
653
131
557
127
977
47
1063
73
2551
4201
283
2617
383
2153
107
79
3067
1609
6043
1597
78311
863
491
10859
10499
13999
1783
487
10103
8563
24043
229
70667
12433
593
211
101
439
8039
131
3617
797
41
281
17
1049
3517
113
67
25171
61
439
63487
27647
401
1013
457
43
569
127
263
10667
233
83
54493
659
41
2179
661
1193
43
4229
72883
2423
1069
30427
10259
1069
11287
163
3469
89597
1669
7349
47
70507
3049
337
4649
3061
367
271
94573
10657
431
21139
15683
9677
1279
409
6607
67021
107
24019
563
12893
2659
613
1627
60917
7687
971
241
43
29873
26849
20123
131
379
83
389
2879
31
83903
347
107
23
2729
10301
20369
199
1231
1361
557
61613
1181
19
383
37951
13
1031
1231
17761
1453
2543
47
3803
1847
4547
683
241
1439
271
137
84761
3343
47
1607
12653
73
40361
137
2503
37
11159
439
2711
67651
10531
3673
8117
1193
233
23
191
907
1721
599
81667
421
281
59
811
37
89
19
401
1777
1117
37537
47
16921
167
491
13901
43
43
233
4283
577
239
7529
1069
1193
29
17
23633
1109
181
6359
59
26863
983
313
883
31
1123
3851
1579
79
47513
149
101
3701
797
2011
32779
191
3331
59
827
401
3373
107
311
65381
4051
173
74759
31
1297
823
821
997
139
4241
1201
59
1997
41
307
211
313
59
59
359
32083
4133
601
5417
269
229
29531
1153
41
5
503
73
6271
89
13
1583
83
53
8089
6947
193
271
163
14951
89
139
79
56479
509
67
293
11
67
71
7
34457
41
71
1483
71
83
271
4759
643
331
449
17
83
61
449
9029
293
383
20983
331
6827
5501
23
2351
683
99439
9679
99149
1889
197
1213
65843
359
797
44071
43
47
449
281
1033
76259
1579
83
101
29
4969
317
42397
353
3469
53
181
461
373
173
85447
53
2237
7963
97303
181
56453
293
107
11317
17
139
157
107
4111
32999
17093
22963
499
14153
43
47
353
18911
2347
347
541
373
523
21817
349
9227
53
7
139
2347
743
613
769
1867
9587
757
359
1061
491
81509
41
41
173
59
233
52177
7523
599
34819
47
41
1871
20479
3943
89
5
5347
349
1481
11273
14891
197
43
3049
61717
18301
1553
89
58393
223
2129
22817
919
1399
1777
311
17489
28751
43
6553
751
17
4019
101
1327
431
4003
1699
1021
9859
503
24859
30269
5807
127
181
2789
5437
109
1277
1201
509
223
269
101
47
941
41
11927
87541
3469
181
463
131
163
5737
11243
12739
2777
2689
953
67481
857
96059
233
7
71
6571
35863
283
113
19069
173
6053
17401
66923
439
67
35729
12899
4721
137
103
163
109
2753
47
1699
599
7873
181
4519
181
127
5519
47
641
19583
1657
157
56269
14071
16333
17077
19841
3347
37
19001
5273
31
631
163
2659
887
4363
983
2389
359
73
293
14323
1201
101
13177
47419
929
599
263
547
311
137
89
271
5987
41
947
50363
1439
1201
18353
769
29
94447
43
29
127
131
23833
2069
709
5279
17
23
7393
19
1123
2927
3109
14717
11
113
271
29
1789
107
859
23293
31
89
643
61547
19603
41
103
7229
2729
233
17
2003
787
64223
13883
95203
1201
167
331
12619
103
173
661
70849
317
61
193
587
7933
157
107
163
701
1877
229
53591
491
17881
40739
739
17
96167
727
4051
223
101
33469
8783
193
9227
1723
2027
181
2857
2389
829
193
4021
137
10141
577
229
8837
19
1747
10247
71
1123
113
107
683
3307
1787
383
1531
31
3019
2293
2503
2281
5839
86269
73
4021
17
383
11083
599
137
3449
23
1171
281
5059
127
149
60521
97
137
20897
82793
239
67003
13781
151
33937
97687
1657
11
5273
61
1223
271
313
53
439
1013
137
1423
49547
21611
941
4231
50333
257
229
31223
13
73
197
31
2393
449
4007
503
349
18119
1543
79
3391
1117
1381
409
3613
12197
83
1061
431
2309
17
85009
80911
4909
547
619
4051
1613
163
349
137
7229
1361
97
9029
4283
613
47569
2861
79589
157
31
66137
1913
1609
439
229
61
3803
181
251
41143
1277
9941
193
173
191
6269
35977
6367
2503
11243
281
8663
3559
499
13183
4451
2399
277
449
409
6337
4561
24611
179
3671
6221
16937
12893
7817
1291
16553
379
40627
613
113
149
359
47
53
4397
3037
9239
641
643
5081
283
2549
409
149
379
8209
467
1259
653
881
419
48611
17
8609
103
29
103
7
3307
3169
181
157
733
17
71
71
2591
8161
677
131
191
6983
19259
3947
2213
22091
5867
43
743
251
43499
313
1301
23
809
79
233
3607
59
127
3167
673
21589
97
5189
2909
2851
63809
2677
2143
487
397
97
35933
29
709
49171
44383
383
61
5059
503
839
487
1279
59
1987
43
107
7757
79
2293
67
25073
31
113
24317
31
61
293
139
97
683
3769
3359
7
3
311
67
643
71
251
79
7829
491
773
199
113
43
137
1427
12347
31547
23
113
83
7547
10099
43
331
1559
239
109
313
251
47
601
19
29
103
373
167
23
73
491
317
311
71
223
5
61
439
239
86629
29
2011
139
31
227
7691
41
20357
1931
7
1669
307
827
37
281
14869
103
13
1999
727
26203
127
66739
15173
15881
109
3191
317
1303
167
227
1609
68777
523
9059
577
877
593
43711
1549
101
3359
569
307
53
49891
2309
151
10271
4517
4969
569
5689
19
19
1321
1301
63241
967
19
149
10247
509
37087
13
709
47
761
1229
1237
223
41257
727
359
5449
1129
29153
26987
37
11
619
151
7207
1163
709
61
3767
223
4723
1307
1237
349
29
19457
461
19
809
74189
58271
2767
83101
229
1063
907
199
163
79
29
337
22171
283
1021
643
44773
31
173
283
11491
61
101
229
173
3433
37
2677
53
27431
11
137
76907
5273
541
42457
991
31
191
32771
193
69197
263
647
787
95213
13241
1277
17
211
379
3529
167
3881
18041
607
1187
26171
647
463
947
199
12113
31
41
431
619
571
2083
18233
223
1483
397
5393
2731
239
1693
73
359
857
17
6317
127
81647
79
23
2671
197
3709
103
293
47087
167
41231
4457
5477
77743
34687
79
347
607
2011
79
181
947
4789
39821
1249
911
12941
43
1201
93559
743
7529
439
157
33403
48661
151
1997
2909
11731
2731
17749
223
2137
67
271
331
17609
3469
11719
30949
211
13
1447
109
97
641
1447
99689
647
239
36457
1019
23
8269
223
113
2861
27143
7
5051
3547
3343
7
67
1091
2341
67
73999
1973
6947
101
313
1621
17
109
709
67
5839
61519
7
103
2731
149
2129
13
4951
83
71
3697
5867
5011
193
3299
929
18121
2281
109
22811
223
347
997
37
233
61
79
1109
13799
181
167
5077
14011
49603
17491
32257
421
727
71
1489
103
1021
311
251
1699
109
31081
3449
12757
257
43
37
6367
36497
787
10891
3539
1223
113
29
3361
34729
8741
191
54581
311
53
607
227
1549
769
197
1471
809
49537
7019
137
233
1061
331
197
32297
42443
431
43
137
599
6047
14831
8861
15467
1091
103
68087
1181
21751
827
71
3083
3491
53633
9587
997
2423
4219
1741
75223
6661
2963
15797
3527
1667
20389
547
151
41
521
2551
449
701
13
211
25463
53
1297
409
11489
31
1571
37
11807
2411
1013
15277
281
1867
6073
5639
41
4637
907
78307
163
17669
78173
2333
83
4663
13763
163
251
61
251
181
251
71
283
2111
433
31
23087
283
7517
1367
1667
12263
571
83
467
17
1741
11
401
1987
3001
2383
33647
1301
607
257
3863
5783
43
41
349
59
613
193
8291
659
107
103
17341
431
167
421
18059
48889
1289
23431
4639
373
19
34019
85717
53
3329
31
1873
461
953
14783
11831
20101
1097
43
239
23251
43
1721
17
1301
67
89
23
19
64279
73
199
1723
4441
10093
37
59797
12119
3137
43
6967
739
2207
97
3391
101
12109
26161
839
2833
1097
829
4637
1499
67
2029
77339
39191
257
709
149
239
19919
3467
283
503
1951
8923
743
7411
61
12577
103
28097
281
127
131
599
75041
8737
223
3557
1291
3163
199
20983
45361
103
47
1709
317
1879
193
2741
14033
2473
79
8719
719
281
151
27823
409
3457
1913
2351
6361
47
577
163
19
61
9491
17
211
227
22871
3821
179
769
19801
1069
223
151
7477
149
269
29
22039
1231
761
9601
1753
73
43
12011
1237
1987
229
1289
8641
79
2473
29
643
23
3259
2081
1117
1181
919
53
211
60719
991
15413
163
2287
3613
269
449
32189
79
7
1009
7
3727
83
27143
97
16063
619
2237
56509
19423
17707
4093
27947
32987
31
1061
17
809
241
11
821
137
59
331
11
11
1307
71
5591
379
929
149
313
503
491
103
61
94849
79
74821
107
859
139
1451
73
839
54367
109
1033
499
181
1901
89
11
137
97
1171
269
17
7
1453
11
929
1129
4957
4483
109
1093
241
61
33049
419
3631
23
1873
3019
2281
5231
5717
71
631
233
72307
229
257
1499
2467
4903
373
1361
2687
1277
42443
2141
1321
23
44887
6089
29
21599
47
223
167
139
179
74219
503
29567
59471
257
911
2281
59707
22573
4079
307
5189
59
43
43
47543
9743
191
283
57737
157
163
11987
34583
2243
3929
3607
19
3391
479
53959
139
3517
277
3343
239
1699
1069
241
14759
337
4993
7
239
1259
4889
317
16547
149
19
5399
839
97
271
1153
647
83
257
971
271
389
269
13
7127
14057
6211
12161
947
1789
14159
2099
433
311
751
17
281
431
2029
85447
613
383
41759
2333
29
10949
6133
439
313
751
131
2633
137
317
5237
811
83063
563
643
373
239
7297
1873
21799
17
66089
11467
757
113
4111
331
43
48527
2711
337
39631
8629
23
1097
66109
191
47
13
41
157
349
84467
701
2999
1181
263
103
25423
521
1217
71
1847
241
14783
5279
617
61
11549
79147
163
3889
53
8819
71
24097
367
79
181
87281
6899
199
149
283
4093
151
151
167
17579
9787
84143
7829
809
7
41
10303
23993
193
1619
3673
233
37
173
83
47
983
467
36923
103
59
397
71
1609
43
109
661
167
13
4663
7
23929
109
149
17489
51893
19
59
8731
101
139
28097
353
233
2063
127
9613
17
2111
17
229
78853
563
941
13487
43
1019
51043
2017
83
13043
809
24007
467
389
5903
1061
14281
10429
13
293
7877
127
131
11257
419
42751
1279
2273
35099
43
43
1181
2269
193
6791
96643
1619
14519
73
2381
10487
76289
23561
10987
74287
3833
7549
1613
137
359
163
113
35257
311
12473
6427
3767
197
37097
107
27271
773
79
26783
19
66467
25541
271
17
431
2389
1151
2143
1471
137
337
337
25913
701
521
211
1031
67
113
67
13
11987
101
641
223
769
1181
31
4877
139
193
811
7681
47
163
26261
311
929
29669
241
127
137
1741
4513
4271
1789
31
1181
2113
3079
449
5021
5879
20753
95569
3691
1063
197
739
78229
94261
13451
19
61
29
463
43
2467
13
107
269
16411
2309
9677
2017
673
509
173
7789
69233
89
541
23
15959
6607
2659
27283
863
1511
3671
13829
13
53897
193
70061
26107
389
191
167
3863
9851
59
293
47
101
173
23
71
433
73
83
7
41
5569
1187
87961
47
307
43
263
2753
71
619
18461
1307
1889
45533
457
13259
241
109
1669
181
349
3137
43
4099
293
809
36073
84191
947
337
157
71
631
29
269
619
6299
8293
83
739
563
4637
1979
29803
83
6451
7057
257
10007
23687
103
1487
29
67
179
18097
8837
37
601
1949
58789
239
4969
107
1217
21101
1511
1789
97609
26189
62003
22159
1093
29717
26267
127
11887
75011
257
15919
379
761
463
1973
9133
1213
499
65183
2081
1901
223
8731
251
26053
373
59
191
44383
7331
28597
19507
307
3319
2593
641
1699
73607
18311
347
109
491
109
1447
239
67
1123
61
251
6793
59
59
347
151
293
43
71
311
23279
863
20411
1171
409
3331
5507
52391
131
1031
6101
13441
43
79
20963
2579
1621
8363
337
11
8221
349
617
53633
13
18181
97843
397
31
41
373
19
89
43
223
26309
1321
16823
1867
307
20399
71
487
607
241
57173
26849
47903
2153
389
419
2297
613
24551
97
251
75937
127
139
89
977
677
271
46411
13451
73
99191
55259
1187
251
1933
97
6079
241
103
709
137
131
4561
4139
29
14293
307
5333
827
9643
1423
63029
2341
907
1091
1429
787
1709
131
1223
61121
41
1579
73
277
17
3491
647
89
31
1033
173
6781
97
191
34703
113
8539
1693
197
2791
809
2333
6991
1987
24889
1499
9787
89
9221
149
2153
83873
2357
90907
547
67
3023
569
853
631
91163
293
17
4271
42649
3911
10597
293
1699
431
701
75209
107
229
181
71
17749
43
6529
1723
857
383
47
29
94291
37
131
191
1087
5711
127
17609
163
41
2239
113
41627
3701
1091
21943
19681
113
401
313
9133
16547
433
739
1019
5437
461
2221
6899
1013
283
1789
4733
53
211
929
17
2381
34501
1931
1291
1697
101
983
109
76651
79
1571
3331
1097
563
131
11
127
1223
277
11287
1613
57241
73
2137
37
5639
37
227
34381
71237
5147
4597
389
829
223
6907
199
7349
3137
173
239
853
22091
1621
257
263
751
1583
5351
7883
379
337
499
5881
79
4817
2417
953
179
2657
4073
659
83
7489
439
1229
599
79
131
35809
311
83
3049
3023
577
367
3
31
179
223
13163
37139
1487
281
1097
113
17299
131
3499
32491
31223
211
1013
8231
21187
7043
503
229
1019
43
173
1019
59
83231
1559
191
29
8933
1373
7
2617
2381
241
61
58661
97
21647
4139
2459
127
31
23537
109
1733
9649
3187
2357
691
101
2243
1999
379
97
1973
5839
347
643
157
173
78707
5231
397
193
307
223
23
197
23
5
12799
2621
79
2683
23
10883
5039
179
11
97
829
10499
167
16747
59141
1453
23
66797
83
157
1867
1487
12959
53
7459
107
2459
90197
223
1021
401
3041
157
6451
433
46351
113
3467
151
26833
43
73
89189
131
673
233
101
433
1013
191
97
101
101
569
337
4789
49831
49547
10091
70607
2927
1039
163
13037
3331
10427
59
12823
179
23
1297
137
1279
127
503
151
2137
421
127
179
607
113
1619
4597
2221
1091
397
239
53
107
1213
59
103
8179
331
57637
149
43
37087
827
4397
43
409
67493
1103
257
3851
607
1021
461
2909
3011
1087
3061
941
83
227
16607
2411
1621
4831
23
163
87013
61
1303
40343
277
67
8243
21727
277
547
9173
12451
75503
26927
719
2467
31
131
67
7
281
8537
443
491
197
71
53
19
43
41
97
5669
94789
2789
3797
173
4603
743
6427
4517
439
811
1103
857
13
2243
19
23
503
31307
1229
12263
947
191
42257
1499
7411
797
251
3389
1259
167
229
191
227
593
227
137
107
643
1123
3617
3623
1637
823
1993
17
2383
2579
5689
293
2531
619
359
241
23
499
1487
3643
61
631
37
257
1789
131
193
11
1723
113
47
21871
17569
47
127
49477
39227
4583
163
13159
523
601
101
367
503
14407
29
419
4451
1223
107
1601
227
7411
127
1487
101
89
17
239
7
62003
12923
673
61
94961
2267
29
131
37
181
1627
50599
9851
971
13
4363
1627
107
1447
29
103
137
3659
433
2333
181
229
3329
613
1979
2879
18637
593
18749
157
173
17
84979
677
43
17033
67
1303
85549
2801
3623
773
13
151
15889
53
3203
66169
20719
191
45427
33773
59
1699
433
293
17333
227
727
233
109
23
41
2141
271
67
7121
7349
25127
193
101
23819
151
71
769
30853
191
107
563
503
157
3559
81031
677
1061
40009
181
131
2837
2341
37361
61
41863
29567
43
79
101
239
43
5407
12973
701
71713
599
1427
1009
73309
131
173
193
47
3947
3779
41
13
907
2203
521
83
929
3803
701
151
311
97
167
269
47
631
739
509
5791
1523
1861
3527
5839
367
379
103
467
313
29443
73
673
293
439
13
13
523
257
83
43133
11
49547
127
83
23
1069
61
40177
53
521
271
487
1231
44531
89
11
5519
619
337
1259
29
43
11
2801
577
1439
659
1381
1423
4903
7607
2423
193
1571
137
4127
2447
29
54629
1091
113
419
11699
1237
28123
17837
373
101
3947
97
1571
59
2591
313
5501
4339
2557
107
3307
3821
3541
149
1607
4019
89
6977
709
79
16451
683
467
163
43
4861
3697
24109
15727
1777
7
181
577
967
131
907
68161
50147
44641
37
1777
79
79
1783
5023
11897
12917
46807
23
181
1213
29
317
149
421
48731
193
569
6781
2141
293
1327
10169
15331
769
97561
9137
19387
1697
17041
439
59
1607
78467
107
883
21011
769
79693
223
499
409
53
251
67
2473
1901
2633
4889
607
1667
149
79
211
2767
1973
5
73
587
17
6551
3049
4561
227
1117
4523
87149
9203
17
2957
59
31019
81973
223
13103
2551
83
97
773
1327
8273
61
641
109
5051
3067
6947
59
3271
1867
2357
761
69763
17599
22811
397
331
167
139
29
647
23
6661
131
41
223
18313
643
39937
163
229
419
599
109
101
839
139
157
2333
16267
28001
181
4397
34781
109
7949
439
1093
181
1487
73
12983
389
439
1759
89561
10847
10223
431
157
223
4447
1637
7001
12671
7
359
239
269
8867
1283
677
19
6353
43
431
859
137
73651
877
10631
137
839
82217
1097
17011
229
2411
6833
463
11489
1613
2269
62189
97
197
30491
103
1051
13841
16649
37
47
1367
1097
14081
691
29
719
23
617
20599
4483
1033
113
769
401
857
4759
109
23
31
199
29
1931
67
103
1667
6229
233
1291
787
311
107
45523
41
47297
3853
229
1217
3739
8147
34061
9907
5563
7
401
53
15889
461
167
173
167
137
199
23
1163
23
17041
557
239
50551
457
39241
17
3673
20327
31517
97
31543
6427
14411
167
67231
19
6737
20411
311
5683
587
91703
293
331
389
16787
181
379
43
2857
46477
4423
317
97
757
223
53
337
6151
79
61
3947
23767
33613
8647
421
9883
149
47309
1429
9629
239
7789
1153
58687
503
65717
2399
23
8101
191
503
149
1999
2237
113
6271
43
1061
7643
43
2269
359
5501
109
5981
211
1123
97
59
199
113
6977
45697
797
139
179
37897
163
2237
641
37
439
61
8101
3217
49499
431
61
37
971
113
19
283
2017
113
71
631
3251
149
181
10589
3469
41
157
521
80989
233
233
457
2837
15773
13
3079
71
4793
97
541
263
55439
4339
32141
63389
761
41
24499
227
1069
13001
271
197
113
8011
2141
73
71
761
127
47
61
51941
2081
109
16447
1453
83
1163
383
1171
103
1481
263
2311
1721
613
1021
37
8081
2141
1597
16759
2351
5987
6073
71
1451
29
277
101
191
84467
31307
59
13
42689
829
53
1013
3023
103
68947
41
167
19
409
5
29581
103
571
17
2371
99901
587
149
7
1499
5573
1523
78919
5197
479
33773
7283
7477
1693
1433
919
1303
7193
1279
19
653
67
37397
13711
523
22303
317
7919
14767
71
9803
2557
359
2521
593
131
67
71
127
463
26539
337
71
1613
2153
211
26321
191
317
107
911
42841
3019
13
751
41
59093
64901
7057
37
20297
46301
467
257
349
163
373
1481
853
197
419
61
40841
1601
11981
71
67
53
1279
223
16979
127
5419
401
167
571
809
1367
1117
349
307
509
359
53
233
463
83
239
409
1327
3191
11657
61
13
12589
61
373
1229
71
32573
23
13
113
809
103
139
25997
17
9001
93059
14503
21191
389
58679
97
10589
547
11321
263
239
503
27397
2027
197
233
461
2851
7541
10037
67
5051
35677
80153
109
95561
28933
1973
1277
227
17597
4211
1499
6113
61
683
2683
1523
46051
56131
2137
313
373
7433
677
109
613
397
67
557
5273
577
61
24373
7841
167
47
14783
6659
127
3631
733
12743
2399
31
6317
313
93241
523
61
23
101
127
1409
83
73
661
1093
43
7243
719
43
2833
257
131
3593
71
9643
83339
239
499
86353
1103
971
59
35753
277
31
479
139
1009
8443
24043
313
13297
11
2383
6299
13613
211
1549
47
3089
2963
61261
271
3041
211
7
67
1999
643
59
397
39979
397
1217
37
179
19937
19
2693
31601
269
229
2237
41
48767
53
20063
263
37
82499
1303
17
761
271
503
29
2399
6287
5
1033
521
431
41
26497
157
66083
491
1021
2549
39373
59
239
2137
41
733
71
419
1217
17
2111
56527
907
1301
67
91673
24509
41
941
1123
73
3011
10973
1223
79987
3701
59
11621
66239
3253
887
193
59
1901
271
41
881
1753
199
503
37
1531
971
647
42473
8161
73
21739
88259
257
1901
31
227
59
241
317
47
31469
233
6907
103
139
2663
97967
1229
349
6907
10987
311
37
233
449
4253
17
41
61
113
4201
131
2297
39023
81463
853
1051
277
1471
857
41
4457
5051
59
227
4751
251
2713
43
6521
5113
1021
109
18397
563
41
4127
571
479
5591
43889
727
3191
1091
31
25939
22027
64333
271
61253
13
37
6101
43
109
3167
653
1109
151
41
26903
19
59
71
11633
653
2713
4523
109
17191
35923
73
13687
67
563
1259
229
22787
929
257
28183
619
1609
37307
11743
29
37897
173
75269
1399
101
197
457
1229
2729
19
61
73
73561
593
281
1223
6719
593
21673
661
2069
257
3163
2333
2137
197
131
1297
18917
1373
439
29
30677
3011
109
211
13219
139
37
7717
7129
461
349
31481
631
89
14207
2719
4391
17669
1063
79
6857
911
283
1069
3313
9859
12781
191
14081
15439
167
7753
947
6563
139
87701
89
659
263
25621
127
2477
311
2731
151
43019
137
67
9539
6271
587
127
14533
199
4597
2503
457
3701
1039
349
251
15569
223
47057
157
769
6311
24373
31307
17
10979
52387
35089
1777
30839
73
251
281
12577
1997
883
683
99607
1163
73
953
3643
4679
2339
28001
683
12451
7
2707
67
26263
1447
2399
37
5981
10177
1091
1277
24413
4409
17573
29453
13597
63533
37
797
167
397
63097
293
78583
8123
701
23003
3539
179
15791
313
953
163
113
71
6823
97
10691
107
71
89
11
39821
223
73
109
1861
2753
1721
4691
61
29
229
5791
25793
8263
6679
13903
13
521
11
227
13469
23593
43
12227
79
419
83557
19301
103
149
11411
293
31
1873
17333
229
1613
56533
197
353
11621
1427
241
269
409
4603
6211
31
101
103
12583
47
127
439
19853
797
43
163
9931
251
13477
509
32413
149
47
16619
6143
47
269
331
661
17
643
1213
95923
19
37
14779
151
569
877
43
2251
2801
14713
199
2707
223
37
1861
8837
331
3
373
5261
2729
28513
769
13337
17
9587
877
29027
2857
257
13
277
2053
109
75037
787
223
1439
397
17729
10687
65353
197
15083
91541
887
47
137
1201
127
1879
21851
97
76519
1103
43
1523
5741
2269
691
157
89
439
1607
457
7
103
51151
1283
47
1103
27749
15271
3347
71
353
3271
21143
1549
66791
5779
7307
3767
3613
71
13
197
23761
233
67003
149
70321
5569
1847
149
4273
57349
73
73
7
43
46477
7489
85027
4583
167
3541
571
92821
9029
1193
719
97
283
53
6917
1811
41
25939
22247
6653
311
337
197
54347
1289
163
22907
70913
7681
43223
1619
271
131
40993
283
3191
2593
13
23081
191
61
15473
2551
157
71
1487
45413
97
4021
229
337
47
61
509
1327
47
48407
29753
1733
97861
53
751
1117
1567
61987
53
1171
1699
23
631
4159
1693
2017
881
103
449
2203
367
1009
47657
647
571
4289
3301
401
83
7057
6079
251
563
283
7129
131
1907
641
1013
29
4099
41
26713
809
15319
953
373
353
21557
509
137
107
11393
67
18059
383
4111
6883