1000
47
37
21
63
6
37
66
42
76
84
69
95
72
91
49
75
11
64
8
91
24
10
94
71
10
81
76
1
68
67
25
70
60
24
94
31
76
69
44
98
99
94
32
61
46
20
35
30
82
10
3
93
64
26
18
1
8
49
100
77
5
91
38
19
60
12
81
1
78
22
53
73
34
74
39
66
89
55
94
8
51
57
73
48
54
47
39
7
24
25
62
27
30
65
50
92
38
60
65
20
86
31
73
10
73
100
77
32
63
46
99
94
42
74
9
9
73
11
23
45
98
22
68
45
89
11
2
24
36
73
52
96
93
39
30
81
89
86
55
38
90
29
89
85
94
26
30
14
82
95
60
50
59
83
43
7
95
71
30
100
72
16
58
21
77
27
31
75
8
57
78
6
52
30
10
25
14
77
96
96
77
18
46
93
63
50
18
87
54
15
60
70
49
27
72
51
26
100
32
78
23
53
99
16
32
76
18
65
9
66
58
26
94
80
4
8
35
80
95
37
35
30
30
65
4
88
52
86
33
60
10
30
22
85
93
77
84
22
80
68
38
98
79
46
71
9
14
76
70
34
5
49
56
11
95
66
59
53
100
91
97
45
55
81
20
14
30
33
52
45
65
65
10
51
44
77
16
47
23
19
37
67
69
76
8
41
76
3
68
38
98
96
54
23
53
71
21
72
79
69
76
84
95
63
98
17
22
58
19
19
62
43
100
28
18
29
26
59
83
3
58
33
85
90
51
52
68
38
86
52
17
39
3
20
71
88
73
21
24
57
1
17
76
82
8
33
66
99
78
39
46
14
59
48
19
40
15
71
24
50
80
67
20
20
1
56
28
99
89
69
94
48
63
65
43
39
19
21
97
60
93
87
17
80
41
1
79
62
53
85
29
72
10
89
21
9
4
8
37
21
80
13
34
29
15
49
4
37
55
12
41
67
75
36
29
17
60
5
67
82
20
24
57
49
18
86
36
8
72
27
11
26
68
82
39
83
64
65
23
85
86
88
38
2
25
47
87
21
75
33
3
39
54
9
60
6
19
87
57
2
67
2
97
51
34
33
43
36
50
14
54
43
29
27
30
44
71
82
62
4
98
79
45
24
67
30
56
9
30
93
59
93
39
35
41
61
61
65
72
52
93
19
47
49
70
41
99
72
99
78
31
62
93
99
53
67
98
1
58
16
77
52
73
24
52
100
55
2
42
82
51
42
94
78
11
48
25
46
86
16
6
37
49
46
30
40
76
85
44
68
62
83
12
55
91
55
85
89
18
100
53
74
99
8
30
23
26
92
14
41
43
46
87
68
1
5
13
44
94
29
45
52
54
39
78
36
7
15
85
83
96
10
21
85
54
65
57
87
75
2
4
22
17
39
39
52
47
16
34
37
47
48
1
66
32
60
74
71
12
77
90
94
71
47
96
56
34
20
60
7
74
38
15
6
32
48
35
62
44
76
50
47
48
89
5
65
94
68
82
41
81
36
18
44
33
96
4
13
45
11
42
48
83
93
47
98
76
95
92
54
82
96
25
90
37
80
12
6
9
92
20
35
33
70
62
4
37
32
3
38
97
31
67
3
26
35
91
67
20
3
49
68
42
59
37
100
71
83
82
95
80
73
98
74
43
84
42
31
52
87
49
79
46
6
15
28
46
63
68
54
54
14
12
33
57
49
72
53
55
58
6
65
64
92
5
32
39
29
56
77
1
56
28
97
80
5
55
35
93
92
94
22
39
51
98
98
65
8
97
13
71
39
62
79
24
76
6
68
78
29
56
85
5
53
74
97
47
97
87
93
91
37
91
3
11
26
16
78
23
83
49
51
51
15
54
45
61
27
15
21
97
77
50
49
91
5
3
9
71
17
8
24
96
22
29
12
18
76
89
36
39
57
67
34
61
98
41
35
95
60
11
33
47
82
74
87
69
19
83
49
51
66
36
19
72
67
11
71
13
37
80
39
29
24
61
33
11
9
81
9
37
69
46
30
98
38
28
86
60
72
12
30
94
58
65
95
80
74
98
32
17
61
61
28
77
44
80
34
79
11
96
80
49
96
34
92
82
46
92
38
52
10
52
65
41
100
63
32
75
60
9
26
36
28
74
33
86
86
67
99
94
46
38
3
23
1
34
79
41
92
6
81
5
42
35
87
72
29
25
76
63
41
74
30
54
85
12
23
39
61
34
7
90
77
30
67
49
14
9
48
41
97
22
94
100
63
9
18
45
21
49
52
26
53
9
30
21
47
83
94
15
74
26
20
43
60
7
81
42
25