47
37
3 7
3 3 7
2 3
37
2 3 11
2 3 7
2 2 19
2 2 3 7
3 23
5 19
2 2 2 3 3
7 13
7 7
3 5 5
11
2 2 2 2 2 2
2 2 2
7 13
2 2 2 3
2 5
2 47
71
2 5
3 3 3 3
2 2 19

2 2 17
67
5 5
2 5 7
2 2 3 5
2 2 2 3
2 47
31
2 2 19
3 23
2 2 11
2 7 7
3 3 11
2 47
2 2 2 2 2
61
2 23
2 2 5
5 7
2 3 5
2 41
2 5
3
3 31
2 2 2 2 2 2
2 13
2 3 3

2 2 2
7 7
2 2 5 5
7 11
5
7 13
2 19
19
2 2 3 5
2 2 3
3 3 3 3

2 3 13
2 11
53
73
2 17
2 37
3 13
2 3 11
89
5 11
2 47
2 2 2
3 17
3 19
73
2 2 2 2 3
2 3 3 3
47
3 13
7
2 2 2 3
5 5
2 31
3 3 3
2 3 5
5 13
2 5 5
2 2 23
2 19
2 2 3 5
5 13
2 2 5
2 43
31
73
2 5
73
2 2 5 5
7 11
2 2 2 2 2
3 3 7
2 23
3 3 11
2 47
2 3 7
2 37
3 3
3 3
73
11
23
3 3 5
2 7 7
2 11
2 2 17
3 3 5
89
11
2
2 2 2 3
2 2 3 3
73
2 2 13
2 2 2 2 2 3
3 31
3 13
2 3 5
3 3 3 3
89
2 43
5 11
2 19
2 3 3 5
29
89
5 17
2 47
2 13
2 3 5
2 7
2 41
5 19
2 2 3 5
2 5 5
59
83
43
7
5 19
71
2 3 5
2 2 5 5
2 2 2 3 3
2 2 2 2
2 29
3 7
7 11
3 3 3
31
3 5 5
2 2 2
3 19
2 3 13
2 3
2 2 13
2 3 5
2 5
5 5
2 7
7 11
2 2 2 2 2 3
2 2 2 2 2 3
7 11
2 3 3
2 23
3 31
3 3 7
2 5 5
2 3 3
3 29
2 3 3 3
3 5
2 2 3 5
2 5 7
7 7
3 3 3
2 2 2 3 3
3 17
2 13
2 2 5 5
2 2 2 2 2
2 3 13
23
53
3 3 11
2 2 2 2
2 2 2 2 2
2 2 19
2 3 3
5 13
3 3
2 3 11
2 29
2 13
2 47
2 2 2 2 5
2 2
2 2 2
5 7
2 2 2 2 5
5 19
37
5 7
2 3 5
2 3 5
5 13
2 2
2 2 2 11
2 2 13
2 43
3 11
2 2 3 5
2 5
2 3 5
2 11
5 17
3 31
7 11
2 2 3 7
2 11
2 2 2 2 5
2 2 17
2 19
2 7 7
79
2 23
71
3 3
2 7
2 2 19
2 5 7
2 17
5
7 7
2 2 2 7
11
5 19
2 3 11
59
53
2 2 5 5
7 13
97
3 3 5
5 11
3 3 3 3
2 2 5
2 7
2 3 5
3 11
2 2 13
3 3 5
5 13
5 13
2 5
3 17
2 2 11
7 11
2 2 2 2
47
23
19
37
67
3 23
2 2 19
2 2 2
41
2 2 19
3
2 2 17
2 19
2 7 7
2 2 2 2 2 3
2 3 3 3
23
53
71
3 7
2 2 2 3 3
79
3 23
2 2 19
2 2 3 7
5 19
3 3 7
2 7 7
17
2 11
2 29
19
19
2 31
43
2 2 5 5
2 2 7
2 3 3
29
2 13
59
83
3
2 29
3 11
5 17
2 3 3 5
3 17
2 2 13
2 2 17
2 19
2 43
2 2 13
17
3 13
3
2 2 5
71
2 2 2 11
73
3 7
2 2 2 3
3 19

17
2 2 19
2 41
2 2 2
3 11
2 3 11
3 3 11
2 3 13
3 13
2 23
2 7
59
2 2 2 2 3
19
2 2 2 5
3 5
71
2 2 2 3
2 5 5
2 2 2 2 5
67
2 2 5
2 2 5

2 2 2 7
2 2 7
3 3 11
89
3 23
2 47
2 2 2 2 3
3 3 7
5 13
43
3 13
19
3 7
97
2 2 3 5
3 31
3 29
17
2 2 2 2 5
41

79
2 31
53
5 17
29
2 2 2 3 3
2 5
89
3 7
3 3
2 2
2 2 2
37
3 7
2 2 2 2 5
13
2 17
29
3 5
7 7
2 2
37
5 11
2 2 3
41
67
3 5 5
2 2 3 3
29
17
2 2 3 5
5
67
2 41
2 2 5
2 2 2 3
3 19
7 7
2 3 3
2 43
2 2 3 3
2 2 2
2 2 2 3 3
3 3 3
11
2 13
2 2 17
2 41
3 13
83
2 2 2 2 2 2
5 13
23
5 17
2 43
2 2 2 11
2 19
2
5 5
47
3 29
3 7
3 5 5
3 11
3
3 13
2 3 3 3
3 3
2 2 3 5
2 3
19
3 29
3 19
2
67
2
97
3 17
2 17
3 11
43
2 2 3 3
2 5 5
2 7
2 3 3 3
43
29
3 3 3
2 3 5
2 2 11
71
2 41
2 31
2 2
2 7 7
79
3 3 5
2 2 2 3
67
2 3 5
2 2 2 7
3 3
2 3 5
3 31
59
3 31
3 13
5 7
41
61
61
5 13
2 2 2 3 3
2 2 13
3 31
19
47
7 7
2 5 7
41
3 3 11
2 2 2 3 3
3 3 11
2 3 13
31
2 31
3 31
3 3 11
53
67
2 7 7

2 29
2 2 2 2
7 11
2 2 13
73
2 2 2 3
2 2 13
2 2 5 5
5 11
2
2 3 7
2 41
3 17
2 3 7
2 47
2 3 13
11
2 2 2 2 3
5 5
2 23
2 43
2 2 2 2
2 3
37
7 7
2 23
2 3 5
2 2 2 5
2 2 19
5 17
2 2 11
2 2 17
2 31
83
2 2 3
5 11
7 13
5 11
5 17
89
2 3 3
2 2 5 5
53
2 37
3 3 11
2 2 2
2 3 5
23
2 13
2 2 23
2 7
41
43
2 23
3 29
2 2 17

5
13
2 2 11
2 47
29
3 3 5
2 2 13
2 3 3 3
3 13
2 3 13
2 2 3 3
7
3 5
5 17
83
2 2 2 2 2 3
2 5
3 7
5 17
2 3 3 3
5 13
3 19
3 29
3 5 5
2
2 2
2 11
17
3 13
3 13
2 2 13
47
2 2 2 2
2 17
37
47
2 2 2 2 3

2 3 11
2 2 2 2 2
2 2 3 5
2 37
71
2 2 3
7 11
2 3 3 5
2 47
71
47
2 2 2 2 2 3
2 2 2 7
2 17
2 2 5
2 2 3 5
7
2 37
2 19
3 5
2 3
2 2 2 2 2
2 2 2 2 3
5 7
2 31
2 2 11
2 2 19
2 5 5
47
2 2 2 2 3
89
5
5 13
2 47
2 2 17
2 41
41
3 3 3 3
2 2 3 3
2 3 3
2 2 11
3 11
2 2 2 2 2 3
2 2
13
3 3 5
11
2 3 7
2 2 2 2 3
83
3 31
47
2 7 7
2 2 19
5 19
2 2 23
2 3 3 3
2 41
2 2 2 2 2 3
5 5
2 3 3 5
37
2 2 2 2 5
2 2 3
2 3
3 3
2 2 23
2 2 5
5 7
3 11
2 5 7
2 31
2 2
37
2 2 2 2 2
3
2 19
97
31
67
3
2 13
5 7
7 13
67
2 2 5
3
7 7
2 2 17
2 3 7
59
37
2 2 5 5
71
83
2 41
5 19
2 2 2 2 5
73
2 7 7
2 37
43
2 2 3 7
2 3 7
31
2 2 13
3 29
7 7
79
2 23
2 3
3 5
2 2 7
2 23
3 3 7
2 2 17
2 3 3 3
2 3 3 3
2 7
2 2 3
3 11
3 19
7 7
2 2 2 3 3
53
5 11
2 29
2 3
5 13
2 2 2 2 2 2
2 2 23
5
2 2 2 2 2
3 13
29
2 2 2 7
7 11

2 2 2 7
2 2 7
97
2 2 2 2 5
5
5 11
5 7
3 31
2 2 23
2 47
2 11
3 13
3 17
2 7 7
2 7 7
5 13
2 2 2
97
13
71
3 13
2 31
79
2 2 2 3
2 2 19
2 3
2 2 17
2 3 13
29
2 2 2 7
5 17
5
53
2 37
97
47
97
3 29
3 31
7 13
37
7 13
3
11
2 13
2 2 2 2
2 3 13
23
83
7 7
3 17
3 17
3 5
2 3 3 3
3 3 5
61
3 3 3
3 5
3 7
97
7 11
2 5 5
7 7
7 13
5
3
3 3
71
17
2 2 2
2 2 2 3
2 2 2 2 2 3
2 11
29
2 2 3
2 3 3
2 2 19
89
2 2 3 3
3 13
3 19
67
2 17
61
2 7 7
41
5 7
5 19
2 2 3 5
11
3 11
47
2 41
2 37
3 29
3 23
19
83
7 7
3 17
2 3 11
2 2 3 3
19
2 2 2 3 3
67
11
71
13
37
2 2 2 2 5
3 13
29
2 2 2 3
61
3 11
11
3 3
3 3 3 3
3 3
37
3 23
2 23
2 3 5
2 7 7
2 19
2 2 7
2 43
2 2 3 5
2 2 2 3 3
2 2 3
2 3 5
2 47
2 29
5 13
5 19
2 2 2 2 5
2 37
2 7 7
2 2 2 2 2
17
61
61
2 2 7
7 11
2 2 11
2 2 2 2 5
2 17
79
11
2 2 2 2 2 3
2 2 2 2 5
7 7
2 2 2 2 2 3
2 17
2 2 23
2 41
2 23
2 2 23
2 19
2 2 13
2 5
2 2 13
5 13
41
2 2 5 5
3 3 7
2 2 2 2 2
3 5 5
2 2 3 5
3 3
2 13
2 2 3 3
2 2 7
2 37
3 11
2 43
2 43
67
3 3 11
2 47
2 23
2 19
3
23

2 17
79
41
2 2 23
2 3
3 3 3 3
5
2 3 7
5 7
3 29
2 2 2 3 3
29
5 5
2 2 19
3 3 7
41
2 37
2 3 5
2 3 3 3
5 17
2 2 3
23
3 13
61
2 17
7
2 3 3 5
7 11
2 3 5
67
7 7
2 7
3 3
2 2 2 2 3
41
97
2 11
2 47
2 2 5 5
3 3 7
3 3
2 3 3
3 3 5
3 7
7 7
2 2 13
2 13
53
3 3
2 3 5
3 7
47
83
2 47
3 5
2 37
2 13
2 2 5
43
2 2 3 5
7
3 3 3 3
2 3 7
5 5